-79.0111
-84.1272
-49.107
-19.5795
-150.197
-50.5279
-52.7955
-49.107
-11.8341
137.181
-37.5644
34.8378
-130.825
-77.6945
15.5594
-24.6927
-11.8341
-70.0355
-47.3608
-62.895
-29.4224
13.3701
-62.895
-11.8341
-77.6945
-47.3608
156.775
-37.2085
-62.895
2.90201
2.90201
34.8378
34.8378
-70.0355
-47.3608
-20.584
-74.2757
-74.2757
-62.895
0.297643
-84.1272
-13.0731
63.9019
89.1837
18.3974
-62.895
-25.8743
-62.895
-62.895
33.1164
-62.895
-49.107
-35.1272
-46.6258
-49.107
-84.1272
19.9408
-47.3608
-46.6258
-84.1272
-57.721
-130.825
75.7406
-36.9432
-70.0355
-62.895
-62.895
-171.496
2.90201
15.6625
-35.1272
19.9288
-62.895
-20.0912
-84.1272
-74.6185
-20.3971
-36.9432
-70.0355
-28.0333
-36.9432
-158.92
-49.107
15.5594
-16.5676
-81.5705
-158.92
-52.7955
4.01983
-7.21391
-2.84696
-62.895
-30.0402
-47.3608
-36.9432
-49.107
35.442
19.7601
-150.197
-163.729
41.7713
-62.895
-150.197
27.3938
-49.107
-62.895
2.90201
-77.056
-62.895
-62.895
-2.84696
75.7406
-163.729
-11.8341
-50.5279
-35.1272
72.9799
-84.1272
-84.1272
-52.7955
-80.4579
-17.2647
-62.895
-70.0355
-47.3608
-47.3608
-20.0912
37.3813
-36.9432
-50.5279
-47.3608
-62.895
-11.8341
-62.895
54.4319
1.79089
-37.2085
89.1837
5.51609
-150.197
-35.1272
-30.8385
-49.107
-36.9432
27.1976
-29.4224
-11.8341
27.3938
-8.81545
-57.721
-21.3618
72.9799
-50.5279
-49.107
16.9048
-13.0731
-150.197
-35.1272
-74.2757
0.126858
2.90201
4.01983
-62.895
-14.9388
-2.84696
24.6752
-50.5279
-37.878
-70.0355
-46.6258
-4.9806
11.4847
-36.9432
-20.584
-62.895
-79.0111
25.4565
-47.3608
-35.1272
-7.01764
-62.895
72.9799
-49.107
-7.01764
-35.1272
-12.5854
47.9733
-49.107
-62.895
-11.8341
-17.5487
-150.197
72.9799
72.9799
-37.2085
-13.6133
-35.1272
-47.3608
-130.825
-49.107
-70.0355
72.9799
5.51609
32.3929
-84.1272
-17.5487
-70.0355
-3.85872
-77.6945
-62.895
-70.0355
-24.967
-47.3608
-62.895
-70.0355
-62.895
-47.3608
54.4319
-62.895
-1.23544
-11.8341
-62.895
24.4923
25.8632
41.6572
-70.0355
89.1837
-70.0355
-62.895
-33.0416
-47.3608
22.3445
-62.895
89.1837
-47.3608
89.1837
72.9799
-36.9432
-158.92
-74.2757
33.1164
-11.8341
-158.92
-74.2757
-84.1272
-35.1272
47.9733
89.1837
-8.81545
5.51609
75.7406
-47.3608
-35.1272
47.9733
75.7406
137.181
23.7904
-47.3608
-84.1272
-70.0355
-29.9042
51.1774
-70.0355
41.6572
27.2453
58.0089
0.297643
-62.895
-20.584
-52.7955
-49.107
-62.895
-0.859481
-52.7955
-49.107
-47.3608
-74.6185
-35.1272
-13.6812
-47.3608
-84.1272
-62.895
-49.107
-36.9432
-11.8341
9.93748
-150.197
-47.3608
-84.1272
-25.8917
-49.107
-49.107
-11.8341
-57.721
-62.895
-49.107
41.6572
72.9799
-70.0355
17.6648
-30.0402
-49.107
25.8632
-20.584
-5.94926
-130.825
-49.107
-62.895
-36.9432
26.3473
-62.895
-20.0912
-2.84696
51.1774
-74.6185
-84.1272
89.1837
-49.107
-2.84696
-84.1272
-37.5644
-11.8341
-49.107
0.297643
-6.61351
-35.1272
-130.825
-62.895
89.1837
-11.8341
35.442
-16.5059
-62.895
1.79089
3.9155
-62.895
-74.2757
-80.4579
31.7059
-10.3377
-84.1272
-70.0355
-77.6945
-150.197
-25.8917
0.297643
-5.94926
-70.0355
-130.825
-20.0912
-20.0912
-24.3261
-70.0355
-84.1272
-19.0333
54.4319
-70.0355
-62.895
-22.8862
-11.8341
28.5736
-62.895
51.1774
-130.825
-62.895
-50.5279
163.068
-62.895
-77.6945
-49.107
-41.3353
-20.0912
15.5025
-62.895
-19.5795
-19.5795
-35.1272
51.1774
-47.3608
35.442
34.8378
0.205448
-11.8341
72.9799
-130.825
-29.9042
-11.8341
-62.895
-62.895
-62.895
-49.107
-24.6927
-62.895
-49.107
-74.6185
-70.0355
-13.0731
-57.721
-62.895
-20.0912
23.9103
-62.895
2.62253
-77.6945
-36.9432
-35.1272
-20.733
-62.895
74.6364
-77.6945
58.0089
-62.895
-21.3618
-57.721
-12.5854
-150.197
-150.197
-8.81545
-130.825
-28.0333
-24.967
-14.3642
51.1774
-35.1272
-84.1272
63.9019
-50.5279
-74.2757
-49.107
-84.1272
-62.895
-62.895
15.5025
-70.0355
137.181
-74.2757
8.43117
-70.0355
-20.733
9.09125
47.9733
-47.3608
0.297643
-62.895
-49.107
-74.2757
2.90201
-57.721
-130.825
-9.16715
54.4319
-84.1272
-62.895
-74.6185
2.90201
35.442
-62.895
-47.3608
15.5025
89.1837
-36.9432
-49.107
-47.3608
-70.0355
-62.895
-62.895
-74.6185
-130.825
-62.895
-70.0355
15.8558
-62.895
-74.6185
-35.1272
37.3813
4.02965
31.7059
35.442
-74.2757
34.8378
-11.8341
72.9799
37.3813
-74.6185
-77.6945
-62.895
-47.3608
31.2754
47.9733
-62.895
51.1774
24.6752
-50.5279
-49.107
-62.895
-37.2085
63.9019
-70.0355
51.1774
3.33079
-49.107
72.9799
-46.6258
-11.8341
-22.215
-62.895
2.90201
-62.895
19.9408
-70.0355
-35.1272
0.205448
-35.1272
-39.6672
-62.895
0.297643
-20.0912
-11.8341
-62.895
35.442
-70.0355
-49.107
58.0089
-49.107
5.21983
-130.825
-11.8341
-50.5279
3.65509
-11.8341
34.8378
-62.895
-47.3608
-62.895
0.297643
22.5438
-84.1272
-84.1272
-84.1272
-0.859481
-35.1272
-70.0355
-20.584
-11.8341
75.7406
-74.6185
-158.92
-10.0925
-11.8341
-47.3608
-28.5071
-47.3608
-10.0925
31.2754
-13.6812
-19.2298
-77.056
-47.3608
-62.895
-11.8341
37.3813
-20.0912
-29.9042
-19.2298
-70.0355
-62.895
5.21983
-50.5279
-20.0912
-25.3973
-24.967
-49.107
75.7406
51.1774
-36.9432
44.6562
4.02965
89.1837
-62.895
-49.107
-84.1272
-74.2757
-62.895
35.7646
-47.3608
-70.0355
-62.895
-62.895
-62.895
-62.895
-29.4224
-14.5312
-70.0355
-49.107
-62.895
-11.8341
-84.1272
75.7406
4.02965
-62.895
-24.3261
41.6572
-47.3608
-49.107
22.5438
-52.7955
-62.895
-49.107
-7.94061
-130.825
-70.0355
-36.9432
-17.5487
54.4319
-30.0787
-84.1272
63.9019
-37.5644
-62.895
-77.056
-47.3608
-62.895
-41.3353
27.3938
-62.895
-35.1272
16.0605
-46.6258
51.1694
-8.81545
-9.16715
31.7059
-5.8268
-62.895
35.7646
-49.107
-70.0355
-80.4579
-36.9432
-84.1272
-57.721
-49.107
-35.1272
-62.895
-84.1272
-11.8341
-49.107
-7.01764
-17.5487
-41.3353
-35.1272
-77.6945
-25.8743
-35.1272
2.90201
-13.6812
89.1837
-70.0355
19.9167
-84.1272
-84.1272
-47.3608
-11.8341
2.90201
-62.895
-36.9432
-70.0355
-17.5487
-49.107
-47.3608
-77.6945
-47.3608
-62.895
-15.9497
-77.6945
-70.0355
-130.825
15.5025
-84.1272
-150.197
2.90201
-74.2757
54.4319
-62.895
72.9799
-74.6185
-35.1272
2.90201
-62.895
-47.3608
-47.3608
-36.9432
-47.3608
75.7406
-11.8341
-11.8341
-62.895
-84.1272
-62.895
-49.107
156.775
-41.3353
63.9019
51.1774
-24.967
-19.5795
-74.2757
19.7601
-41.3353
89.1837
31.2754
-35.1272
-52.7955
-47.3608
-37.5644
-10.0925
-35.1272
-25.3973
-20.0912
-49.107
-62.895
-62.895
-37.2085
-62.895
-62.895
19.7601
-49.107
-150.197
-11.8341
-62.895
-15.9497
-47.3608
-20.584
-79.0111
-74.2757
-49.107
23.9103
-70.0355
89.1837
-20.0912
-62.895
-150.197
-35.1272
47.9733
-3.45922
-62.895
-35.1272
72.9799
-24.3261
-36.9432
-19.5795
-62.895
5.21983
-36.9432
-84.1272
-49.107
-62.895
-70.0355
-77.6945
-130.825
-74.2757
-62.895
-84.1272
-77.6945
-8.81545
-77.6945
-74.2757
-35.1272
-130.825
2.90201
-49.107
19.7601
5.21983
-8.81545
89.1837
-62.895
19.9408
-70.0355
-11.8341
-70.0355
-70.0355
-74.6185
-47.3608
5.21983
-84.1272
-36.9432
-163.729
-49.107
0.297643
-74.2757
47.9733
-11.8341
-62.895
32.3929
41.7713
-57.721
-166.755
34.8378
-62.895
47.9733
-19.5795
58.0089
-84.1272
-130.825
-62.895
54.4319
-12.5854
-130.825
10.806
-47.3608
-46.6258
-47.3608
58.0089
44.6562
-8.81545
-20.0912
-84.1272
2.90201
-50.5279
-70.0355
23.9103
-29.9042
-11.8341
89.1837
-29.9042
-84.1272
-25.8917
-36.9432
-84.1272
-150.197
-74.2757
-62.895
-130.825
21.6915
-11.8341
-62.895
-39.6672
-130.825
-19.5795
-50.5279
-62.895
21.6915
51.1774
-62.895
-30.8385
-70.0355
-47.3608
19.9195
-62.895
-62.895
-41.3353
58.0089
54.4319
-158.92
-50.5279
-62.895
-50.5279
51.1774
166.491
-47.3608
-62.895
25.8632
89.1837
75.7406
-35.1272
-62.895
-31.4101
75.7406
-49.107
-70.0355
-49.107
-47.3608
-11.8341
-29.4224
-2.84696
-12.5854
-19.5795
-17.5487
-24.0131
-46.6258
-47.3608
28.0584
-77.6945
72.9799
-77.6945
-30.0787
-6.36214
-6.54477
-22.8862
-47.3608
17.1178
-1.80981
19.7601
-62.895
-49.107
-47.3608
-62.895
-47.3608
-57.721
-50.5279
-20.0912
2.90201
-62.895
58.0089
4.02965
137.181
-35.1272
19.3361
-130.825
-35.1272
-11.8341
-10.0925
-84.1272
70.6051
24.4923
-158.92
-21.588
-19.5795
-62.895
-62.895
75.7406
0.205448
2.90201
-62.895
35.442
-62.895
-36.9432
-37.2085
-84.1272
74.6364
-84.1272
-79.0111
-6.54477
72.9799
-77.6945
2.90201
-11.8341
-49.107
-77.6945
-47.3608
-49.107
-62.895
-77.056
-49.107
-163.729
-49.107
-46.6258
-70.0355
-62.895
-158.92
-150.197
-62.895
-62.895
-8.81545
75.7406
19.9408
79.1907
-70.0355
-50.5279
25.8632
-20.0912
-11.8341
-150.197
-62.895
-29.9042
-37.5644
-62.895
-35.1272
58.0089
89.1837
-52.7955
-11.8341
-20.0912
-70.0355
-84.1272
-47.3608
27.1976
-49.107
-49.107
51.1774
-62.895
-49.107
-35.1272
16.0605
-70.0355
-8.81545
14.8677
-49.107
-29.9042
156.775
-20.0912
-49.107
-130.825
89.1837
-49.107
-1.81514
-62.895
72.9799
-6.54477
-46.6258
41.7713
23.9103
-36.9432
-25.8743
-62.895
-36.9432
-62.895
-50.5279
16.0605
11.4847
9.09125
-150.197
-49.107
-70.0355
-50.5279
-130.825
-2.84696
-35.1272
89.1837
-84.1272
54.4319
19.7601
-46.6258
-70.0355
2.90201
1.79089
47.9733
51.1774
-62.895
-62.895
-9.16715
27.3938
-130.825
-11.8341
41.6572
-70.0355
-77.6945
47.9733
0.297643
-77.6945
-62.895
-47.3608
-8.81545
4.01983
-62.895
-70.0355
-62.895
-74.6185
-35.1272
-35.1272
21.1579
51.1694
-15.9497
-62.895
-77.056
27.2453
-80.4579
-49.107
-62.895
4.78903
-130.825
-24.6927
-47.3608
-13.6812
-130.825
-62.895
-62.895
-37.2085
-84.1272
5.51609
-130.825
37.3813
-62.895
-11.8341
-49.107
-35.1272
-74.6185
-36.9432
-62.895
-47.3608
5.21983
-47.3608
-77.6945
-84.1272
-62.895
19.9167
89.1837
54.4319
-70.0355
-62.895
-70.0355
-37.5644
-47.3608
-84.1272
4.02965
2.90201
-37.5644
-62.895
15.5025
-19.5795
24.4923
-74.6185
-20.0912
-130.825
-19.2298
-19.5795
-77.6945
-62.895
-62.895
47.9733
-35.1272
-52.7955
-62.895
-3.46216
-36.9432
-19.5795
-130.825
-15.3381
-77.6945
-49.107
-19.5795
-15.9497
32.3929
26.3892
-77.6945
-77.6945
-49.107
-70.0355
-84.1272
-29.9042
-77.6945
-130.825
-17.2943
-36.9432
-62.895
-22.8862
-15.0151
-3.08373
-39.6672
-62.895
-4.9806
-130.825
-20.584
-62.895
-62.895
24.6752
27.1976
0.297643
-31.4101
-11.8341
-50.5279
-36.9432
-49.107
-70.0355
-49.107
-84.1272
-2.84696
-39.6672
-77.056
5.03929
-130.825
-29.9042
70.6051
-158.92
-74.2757
-77.6945
-20.584
0.297643
-57.721
-49.107
-62.895
-47.3608
27.3938
9.93748
4.02965
-77.6945
35.7646
-11.8341
51.1774
-84.1272
13.3701
-84.1272
72.9799
-70.0355
35.7646
-47.3608
-84.1272
-36.9432
-62.895
-77.6945
-70.0355
-36.9432
-47.3608
170.283
-47.3608
-20.0912
-84.1272
-62.895
-11.8341
-35.1272
28.0584
24.4923
-62.895
41.6572
-46.6258
-37.2085
-62.895
-74.6185
51.1694
0.297643
-47.3608
2.90201
-33.0416
-8.81545
-150.197
-70.0355
-47.3608
-62.895
-150.197
26.3473
-74.6185
75.7406
137.181
-37.878
-36.9432
-35.1272
-20.584
-70.0355
-47.3608
54.4319
-150.197
-62.895
-22.7712
-29.9042
-74.2757
-62.895
35.442
-62.895
-9.16715
-70.0355
23.9103
-11.8341
-29.9042
-62.895
-62.895
-70.0355
5.03929
5.51609
-19.5795
-150.197
-70.0355
41.7713
-50.5279
-47.3608
72.9799
-2.19812
-70.0355
-70.0355
58.0089
72.9799
-62.895
-62.895
-12.5854
-20.0912
20.3733
-70.0355
-84.1272
21.6915
-11.8341
-47.3608
-62.895
-62.895
-84.1272
-84.1272
-19.5795
-41.3353
32.3929
-163.729
-47.3608
-62.895
-47.3608
-74.6185
-30.8385
-31.4101
-70.0355
-62.895
-47.3608
14.8677
-46.6258
-70.0355
-74.2757
15.6625
23.0426
-11.8341
-62.895
4.02965
27.1976
27.3938
-70.0355
137.181
-35.1272
-74.2757
-130.825
23.9103
31.7059
-52.7955
51.1774
51.1694
19.9408
19.9408
-19.2298
63.9019
51.1774
-1.23544
-150.197
-62.895
-77.6945
-11.8341
-77.6945
-84.1272
-150.197
-62.895
-70.0355
-79.0111
-84.1272
-62.895
-150.197
-70.0355
-29.9042
-21.9477
32.3929
-74.6185
-52.7955
-52.7955
-70.0355
-35.1272
-11.8341
-150.197
-8.81545
25.8632
-46.6258
-84.1272
-62.895
75.7406
-158.92
-62.895
-5.47256
-49.107
-62.895
-74.2757
163.068
-21.588
20.249
-28.0333
25.8632
-62.895
-84.1272
-57.721
-19.2298
-49.107
-47.3608
-25.3973
-19.5795
-70.0355
-49.107
89.1837
-36.9432
-50.5279
-49.107
-35.1272
-62.895
-62.895
2.90201
-70.0355
-29.9042
0.297643
-70.0355
-57.721
-57.721
41.6572
2.90201
89.1837
-19.5795
-35.1272
-62.895
-19.5795
-130.825
-47.3608
-62.895
-84.1272
-79.0111
-62.895
-19.5795
1.79089
41.6572
-62.895
-8.81545
-25.8917
-20.5701
-62.895
-74.2757
13.3701
-130.825
-12.3662
-49.107
-39.6672
41.6572
-74.2757
21.7683
-52.7955
51.1774
-70.0355
-47.3608
-130.825
-29.4224
-74.2757
163.068
0.297643
-36.9432
-74.2757
-74.2757
-5.47256
34.8378
-62.895
-70.0355
-150.197
-8.81545
-15.0605
51.1774
4.02965
-35.1272
54.4319
-62.895
-62.895
-19.5795
-20.584
-29.9042
-77.6945
-49.107
-62.895
54.4319
-52.7955
-62.895
-62.895
-62.895
-62.895
-49.107
-24.967
4.02965
63.9019
-80.4579
20.3733
4.02965
2.90201
27.1976
41.6572
-62.895
-70.0355
89.1837
-24.967
4.02965
-62.895
-84.1272
72.9799
-77.6945
26.4994
51.1774
-150.197
-74.6185
-84.1272
54.4319
-3.08373
-77.6945
-11.8341
-24.3261
-74.2757
-36.9432
-11.8341
72.9799
-19.5795
-31.4101
-49.107
-62.895
75.7406
-62.895
-47.3608
26.3892
-3.45922
-49.107
-35.1272
-57.721
2.90201
-77.6945
-22.8862
-20.0912
-24.6927
-11.8341
23.9103
-49.107
-29.9042
-62.895
-62.895
-24.967
-3.08603
17.7474
-62.895
-35.1272
-62.895
-57.721
72.9799
27.1976
-47.3608
4.01983
-77.6945
-62.895
-0.859481
2.90201
-62.895
31.7059
72.9799
-20.0912
-62.895
-39.6672
-70.0355
-35.1272
-62.895
16.1313
-84.1272
-77.056
-24.967
23.9103
-47.3608
-62.895
-62.895
72.9799
-7.01764
-47.3608
-70.0355
-77.6945
-25.8917
15.5025
-36.9432
-15.9497
2.90201
-0.859481
-84.1272
-24.967
-74.2757
-35.1272
41.6572
-47.3608
-74.2757
72.9799
79.1907
-20.0912
-62.895
35.442
-163.729
-62.895
89.1837
5.51609
-84.1272
0.297643
-84.1272
23.9103
-62.895
-84.1272
-130.825
-150.197
-8.81545
17.7474
-9.16715
-21.3618
-62.895
-3.45922
-130.825
-62.895
-37.878
19.9408
-62.895
-35.1272
-84.1272
-29.9042
-8.81545
-39.6672
-50.5279
-11.8341
-19.5795
-62.895
-150.197
-62.895
72.9799
72.9799
-3.46216
37.3813
2.90201
-150.197
4.02965
-158.92
-19.2298
72.9799
-84.1272
-36.9432
35.442
47.9733
-36.9432
-5.8268
16.0605
51.1694
-84.1272
-29.9042
-74.2757
-62.895
-62.895
58.0089
-39.6672
-49.107
37.3813
-11.8341
16.0605
-49.107
-62.895
-1.81514
24.4923
156.775
-150.197
0.297643
-80.4579
-18.6336
31.7059
-130.825
-62.895
-52.7955
-62.895
-62.895
-74.2757
-74.6185
2.90201
-49.107
44.6562
-62.895
2.90201
-35.1272
-7.21391
23.9103
2.90201
72.9799
-47.3608
-77.6945
-62.895
2.90201
-57.721
-70.0355
-37.5644
-62.895
26.3892
2.62253
-37.2085
-36.9432
34.8378
-24.967
72.9799
-130.825
-62.895
-77.6945
72.9799
-50.5279
-62.895
-62.895
-77.6945
-74.6185
-30.8385
35.442
-50.5279
-84.1272
-31.4101
-62.895
-37.2085
-166.755
-24.0131
-52.7955
-62.895
-14.8659
-74.2757
22.2415
-11.8341
-11.8341
-62.895
-62.895
-62.895
11.4847
35.442
-9.16715
-62.895
-46.6258
-7.01764
-70.0355
-8.81545
-130.825
72.9799
-20.733
5.21983
-74.2757
5.46575
-49.107
0.297643
-62.895
-52.7955
4.02965
-62.895
-49.107
-37.878
26.4994
-8.81545
-62.895
-77.056
-25.3973
-77.6945
-62.895
-70.0355
-19.5795
-47.3608
-20.0912
-74.6185
-84.1272
-19.5795
-3.45922
-70.0355
89.1837
-36.9432
-11.8341
-130.825
-74.2757
-158.92
-84.1272
-11.8341
-29.9042
-158.92
27.1976
-13.6812
-47.3608
-35.1272
-74.6185
-49.107
-57.721
-62.895
25.4565
-62.895
32.3929
19.7601
-37.878
-158.92
-37.2085
51.1774
-49.107
-37.5644
-50.5279
13.3701
28.0584
-47.3608
-77.6945
-166.755
-62.895
-50.5279
44.6562
0.297643
75.7406
-19.5795
-62.895
-19.5795
4.02965
5.21983
-57.721
35.7646
-62.895
-28.0333
-57.721
-62.895
-62.895
-46.6258
-46.6258
-70.0355
-62.895
47.9733
-47.3608
27.3938
32.3929
25.8632
72.9799
-20.0912
-19.5795
19.9408
-11.8341
-84.1272
70.6051
-62.895
-13.6812
-19.5795
35.7646
-35.1272
-62.895
-130.825
-35.1272
-3.45922
-62.895
-74.2757
-13.6812
2.62253
137.181
-11.8341
26.3473
2.90201
4.02965
31.7059
-62.895
-150.197
-11.8341
-30.8385
-20.584
89.1837
72.9799
-62.895
-84.1272
89.1837
51.1774
-77.6945
-70.0355
-24.0131
-50.5279
-19.5795
-62.895
15.5025
-84.1272
51.1694
-62.895
-25.8743
-62.895
23.9103
-46.6258
54.4319
-84.1272
27.3938
19.9408
-37.5644
37.3813
-11.8341
-12.5854
-24.967
-62.895
-49.107
5.51609
21.6915
28.0584
33.1164
-62.895
47.9733
-70.0355
24.4923
58.0089
-130.825
2.90201
-158.92
-49.107
-57.721
-130.825
-49.107
-70.0355
-77.6945
72.9799
-47.3608
-20.0912
-62.895
-49.107
51.1774
41.7713
-8.81545
-130.825
-130.825
-39.6672
-29.9042
89.1837
-30.8385
-84.1272
-130.825
-62.895
-74.6185
-19.5795
-70.0355
-2.84696
-37.2085
-49.107
-35.1272
21.9045
-47.3608
4.02965
-84.1272
-47.3608
-62.895
33.1164
34.8378
34.8378
-52.7955
44.6562
32.3929
-74.6185
-36.9432
-19.2298
-12.5854
72.9799
-11.8341
-62.895
-49.107
-77.6945
0.297643
-20.0912
-11.8341
-35.1272
27.1976
-74.2757
-84.1272
-74.2757
-62.895
17.6853
-5.8268
-70.0355
137.181
-84.1272
-47.3608
-84.1272
-49.107
-130.825
-74.2757
-130.825
-77.056
17.7474
75.7406
-62.895
-77.056
-62.895
-6.54477
75.7406
-19.5795
-11.8341
-62.895
0.297643
-70.0355
-130.825
-62.895
-84.1272
-74.2757
-130.825
-62.895
163.068
156.775
-150.197
-150.197
11.4847
-19.5795
-24.0131
-20.0912
-47.3608
75.7406
137.181
-84.1272
-39.6672
-50.5279
-74.2757
-84.1272
-49.107
8.43117
-49.107
-24.967
-20.584
-79.0111
-62.895
-62.895
72.9799
-19.5795
-41.3353
-24.967
-62.895
-74.2757
-47.3608
74.6364
-30.0787
4.02965
-77.6945
75.7406
-77.6945
-19.5795
-74.6185
-47.3608
-62.895
17.7474
-62.895
-62.895
-62.895
-50.5279
-19.5795
-62.895
0.297643
-62.895
72.9799
-25.8743
-62.895
-62.895
-57.721
-19.5795
-70.0355
89.1837
-62.895
1.9435
28.5736
-1.23544
-70.0355
75.7406
75.7406
89.1837
-77.6945
-25.8743
-11.8341
-62.895
34.8378
-33.0416
-130.825
-25.8917
-15.677
-70.0355
-49.107
-84.1272
-47.3608
-74.2757
-62.895
17.7474
75.7406
-62.895
4.02965
-77.6945
51.1694
-11.8341
-49.107
-47.3608
-62.895
-49.107
14.6096
-24.967
-84.1272
-29.9042
-1.23544
-2.84696
21.6915
-19.5795
-47.3608
-163.729
-11.8341
-62.895
0.205448
-62.895
-77.6945
-62.895
-24.3261
-47.3608
2.90201
-57.721
-57.721
-24.967
137.181
156.775
-36.9432
-50.5279
-84.1272
-12.5854
-35.1272
-84.1272
-130.825
18.2756
-37.2085
-62.895
-50.5279
156.775
-62.895
-11.8341
-70.0355
-70.0355
-36.9432
-11.8341
3.25481
-35.1272
-84.1272
89.1837
-19.5795
6.71312
-10.3377
-62.895
-37.5644
-62.895
-62.895
-77.6945
-62.895
-20.0912
-77.056
-22.1895
-62.895
-24.967
-23.5346
72.9799
-5.8268
-49.107
-20.584
0.297643
-62.895
-8.81545
-62.895
-49.107
23.9103
-62.895
0.297643
-47.3608
-70.0355
19.7601
-46.6258
163.068
156.775
2.90201
-84.1272
-35.1272
89.1837
-19.5795
-19.5795
-62.895
-50.5279
-130.825
-20.0912
-84.1272
19.9167
156.775
89.1837
-7.01764
-130.825
-35.1272
-5.47256
-70.0355
-62.895
-62.895
-130.825
-62.895
51.1774
-84.1272
-36.9432
-62.895
-49.107
-11.8341
163.068
-62.895
-28.0333
34.8378
-70.0355
-62.895
28.0584
-62.895
4.02965
-49.107
-62.895
-28.5071
-70.0355
-5.47256
-84.1272
5.51609
-84.1272
47.9733
-29.4224
-37.878
-77.6945
-77.056
-62.895
75.7406
41.6572
54.4319
-84.1272
17.6648
15.6625
-3.45922
5.46575
51.1694
-84.1272
-74.2757
35.442
-130.825
-62.895
-150.197
-20.584
-74.6185
-49.107
-70.0355
-11.8341
-12.5854
-49.107
-49.107
-62.895
-47.3608
-62.895
-52.7955
-22.8862
-62.895
-19.5795
4.02965
-130.825
31.2754
11.4847
-62.895
-20.584
-170.345
-62.895
-50.5279
-12.5854
-20.584
-50.5279
2.90201
-62.895
37.3813
8.18038
-50.5279
-35.1272
-130.825
32.3929
-20.0912
-62.895
-35.1272
72.9799
-70.0355
-70.0355
72.9799
-79.0111
-11.8341
21.1579
-62.895
-77.6945
41.7713
-74.2757
-57.721
-62.895
-35.1272
27.3938
-20.0912
89.1837
5.46575
-36.9432
-70.0355
26.3473
75.7406
-36.9432
-77.056
-70.0355
-49.107
0.297643
-11.8341
-41.3353
-62.895
-19.5795
51.1694
27.1976
-49.107
-49.107
22.5438
-37.2085
-84.1272
-36.9432
34.8378
-70.0355
-70.0355
-11.8341
41.7713
-84.1272
-16.0032
156.775
-80.4579
72.9799
-62.895
-47.3608
137.181
-62.895
2.90201
-62.895
-158.92
-62.895
-24.0131
-52.7955
-11.8341
-33.0416
156.775
-39.6672
-84.1272
21.6915
75.7406
-47.3608
63.9019
41.7713
-62.895
-52.7955
5.21983
-62.895
137.181
58.0089
-49.107
72.9799
54.4319
-70.0355
2.90201
-35.1272
-62.895
-70.0355
-39.6672
35.442
-77.6945
-84.1272
-70.0355
-35.1272
-21.9477
-50.5279
-3.46216
54.4319
28.5736
-49.107
89.1837
-47.3608
-11.8341
-0.859481
-130.825
-2.84696
-31.4101
-62.895
-70.0355
75.7406
-50.5279
-47.3608
-62.895
-62.895
2.90201
-49.107
2.90201
-19.5795
-57.721
-20.0912
-46.6258
-62.895
-62.895
-74.2757
75.7406
15.8558
-19.5795
-84.1272
-84.1272
-11.8341
-62.895
-31.4101
58.0089
-70.0355
-62.895
-47.3608
-29.9042
-49.107
18.3974
-130.825
-20.0912
-0.859481
72.9799
-11.8341
-36.9432
89.1837
2.90201
-70.0355
-62.895
18.3974
-84.1272
-150.197
-25.3973
-150.197
-8.81545
54.4319
-52.7955
27.3938
-62.895
-19.5795
-84.1272
11.053
-130.825
41.6572
-8.81545
-74.2757
41.7713
-7.01764
2.90201
74.6364
-47.3608
-70.0355
-70.0355
-62.895
-62.895
-19.5795
-62.895
51.1774
-150.197
163.068
-62.895
-47.3608
-158.92
-62.895
-8.81545
-8.81545
23.9103
-130.825
-37.878
-130.825
27.3938
58.0089
-37.878
-62.895
-62.895
-70.0355
-24.967
5.21983
-171.496
-13.6812
-84.1272
-35.1272
35.7646
-70.0355
44.6562
-19.2298
-150.197
-11.8341
-49.107
16.7901
-84.1272
-30.0787
-70.0355
-9.16715
58.0089
0.205448
-2.84696
-49.107
-23.5346
17.7474
-62.895
-130.825
-74.6185
72.9799
-130.825
-49.107
-52.7955
-52.7955
-70.0355
-62.895
-62.895
-11.8341
5.46575
-16.827
-47.3608
-50.5279
34.8378
-10.3377
51.1774
-84.1272
-150.197
-35.1272
-130.825
19.9408
-62.895
-20.5701
-84.1272
89.1837
-50.5279
-74.2757
-37.2085
-5.8268
-49.107
32.3929
-20.584
-20.0912
-19.5795
-46.6258
-19.5795
-62.895
-29.9042
-70.0355
-49.107
-70.0355
-62.895
-70.0355
-70.0355
-46.6258
-62.895
-49.107
-84.1272
11.4144
89.1837
89.1837
-62.895
-19.5795
-70.0355
-36.9432
-47.3608
-70.0355
-130.825
16.1313
-84.1272
-62.895
-62.895
-62.895
-35.1272
2.90201
-62.895
-62.895
-150.197
72.9799
-50.5279
63.9019
-150.197
17.7474
32.3929
-74.2757
-74.6185
-130.825
168.709
72.9799
89.1837
-70.0355
-50.5279
41.6572
-77.6945
-74.6185
-84.1272
-77.6945
-62.895
-2.84696
-77.6945
-62.895
163.068
70.6051
-17.5487
-84.1272
137.181
-62.895
70.6051
-8.81545
-49.107
-8.81545
-62.895
-62.895
72.9799
-77.6945
35.442
25.8632
-62.895
-20.0912
-49.107
-47.3608
16.0605
-35.1272
-35.1272
51.1774
35.7646
-49.107
-24.967
-70.0355
-49.107
-74.2757
-0.239301
-62.895
-84.1272
-12.3662
-70.0355
-62.895
-30.0402
-168.832
-62.895
-46.6258
44.6562
25.8632
-49.107
-6.81994
-150.197
11.4847
156.775
-49.107
-70.0355
-49.107
-28.0333
17.6307
-77.6945
-25.8917
-62.895
170.283
-70.0355
-36.9432
-74.2757
-11.8341
-130.825
-20.733
-77.056
-47.3608
35.442
-74.2757
-77.6945
-62.895
-52.7955
-74.6185
35.7646
-36.9432
-49.107
-62.895
-20.584
-47.3608
-11.8341
-62.895
54.4319
-36.9432
-84.1272
-35.1272
-150.197
-77.6945
-70.0355
137.181
-39.6672
-158.92
51.1694
-130.825
-13.6812
-130.825
19.9003
2.90201
-35.1272
20.249
89.1837
41.6572
-11.8341
-35.1272
13.5904
-47.3608
-46.6258
-74.6185
-9.92364
-49.107
-70.0355
-49.107
-79.0111
-62.895
-62.895
-49.107
-11.8341
-49.107
-62.895
23.7904
-7.21391
25.8632
-130.825
25.8632
-81.5705
-70.0355
-20.0912
-130.825
-49.107
47.9733
-62.895
-7.21391
-29.9042
-62.895
-20.0912
28.5736
18.3974
-70.0355
-62.895
-70.0355
-74.2757
-62.895
26.3473
31.7059
89.1837
-62.895
41.7713
-35.1272
41.7713
72.9799
89.1837
-77.6945
-62.895
-70.0355
25.8632
-36.9432
-74.2757
2.90201
-62.895
-74.6185
5.21983
26.4994
-11.8341
20.3733
51.1774
35.7646
-62.895
19.7601
-77.6945
-30.0787
137.181
2.62253
-70.0355
89.1837
-62.895
-62.895
156.775
-49.107
-49.107
-84.1272
-20.0912
0.126858
-62.895
-19.5795
51.1774
51.1774
89.1837
-35.1272
-35.1272
-8.81545
17.7474
-62.895
-62.895
28.0584
0.297643
-41.3353
-17.5487
-79.0111
-77.6945
-39.6672
54.4319
2.90201
15.8558
10.7228
35.442
-11.8341
27.3938
5.2777
-84.1272
54.4319
-70.0355
54.4319
-7.01764
-37.2085
-62.895
-52.7955
-2.84696
-70.0355
-0.374371
-52.7955
-24.3261
-77.6945
-74.2757
-150.197
-20.584
-36.9432
26.4994
-52.7955
-41.3353
-46.6258
-1.21391
-47.3608
-20.0912
-83.1675
-70.0355
-70.0355
-62.895
-150.197
-36.9432
-84.1272
19.7601
-17.5487
-80.4579
-19.5795
-35.1272
51.1774
-70.0355
-20.584
-62.895
-84.1272
-70.0355
163.068
-47.3608
-150.197
-62.895
-3.46216
17.6648
-70.0355
-62.895
-47.3608
72.9799
-50.5279
-29.9042
-47.3608
51.1774
-37.5644
-13.6812
-50.5279
58.0089
-37.2085
34.8378
-7.94061
23.9103
4.02965
-84.1272
-35.1272
51.1694
34.8378
-8.81545
-22.8862
-35.1272
-49.107
-19.5795
-84.1272
75.7406
-47.3608
-18.6336
1.59187
166.491
-52.7955
33.1164
-49.107
22.8047
-47.3608
41.6572
-35.1272
-47.3608
-84.1272
-79.0111
89.1837
-3.85872
0.297643
-17.5487
4.02965
-25.3973
-12.5854
-62.895
41.6572
23.9103
51.1694
-29.9042
-7.21391
163.068
2.90201
5.46575
-84.1272
-47.3608
28.0584
-62.895
23.9103
-21.3618
-1.23544
137.181
-74.2757
-62.895
26.4994
-47.3608
-62.895
-77.6945
58.0089
-62.895
-70.0355
2.90201
-20.584
-11.8341
-130.825
19.9408
-62.895
28.0584
75.7406
-77.6945
-12.5854
-36.9432
-11.8341
-49.107
-74.2757
25.4565
-84.1272
-77.6945
-62.895
-19.5795
-9.16715
-62.895
-84.1272
-166.755
-5.8268
-83.7596
-20.584
-62.895
-77.6945
44.6562
-77.056
74.6364
-70.0355
-49.107
163.068
4.02965
137.181
-130.825
-74.6185
-62.895
-70.0355
-37.2085
-62.895
-47.3608
-150.197
-35.1272
-46.6258
-11.8341
-49.107
-84.1272
51.1694
23.7904
0.297643
33.1164
14.8677
-19.5795
-84.1272
-19.2298
47.9733
54.4319
72.9799
-17.5487
-35.1272
-70.0355
-70.0355
-62.895
-74.2757
2.62253
-84.1272
-130.825
-36.9432
-62.895
-29.9042
-35.1272
-74.2757
16.0605
44.6562
-62.895
1.79089
-11.8341
-70.0355
-62.895
-49.107
-77.6945
-130.825
-62.895
63.9019
63.9019
-3.46216
-2.84696
168.709
-70.0355
-36.9432
89.1837
44.6562
-77.6945
-70.0355
25.4565
19.7601
-11.8341
51.1774
41.7713
-62.895
-62.895
51.1774
54.4319
-11.8341
-74.2757
-74.2757
-47.3608
-11.8341
-49.107
-19.5795
72.9799
-35.1272
-84.1272
-74.6185
-70.0355
-130.825
-62.895
-30.8385
-52.7955
-62.895
72.9799
-35.1272
-77.6945
-3.45922
-8.81545
-8.81545
24.4923
-130.825
-79.0111
-62.895
-13.6133
63.9019
-62.895
54.4319
-74.2757
89.1837
-35.1272
-25.8743
58.0089
-8.81545
27.1976
51.1774
-74.2757
-62.895
-37.2085
-49.107
-62.895
-49.107
-19.5795
-2.19812
-49.107
-77.6945
-150.197
-47.3608
72.9799
47.9733
-29.4224
-62.895
-84.1272
-35.1272
-70.0355
35.442
-46.6258
-84.1272
-70.0355
-36.9432
24.6752
-62.895
-36.9432
1.79089
-130.825
-84.1272
-0.859481
-74.6185
11.053
-12.5854
-52.7955
-35.1272
-62.895
54.4319
-21.3618
-50.5279
5.2777
-62.895
-62.895
-52.7955
51.1774
-19.5795
-25.3973
75.7406
-70.0355
-37.2085
21.1579
-80.4579
-79.0111
-62.895
-84.1272
-50.5279
-62.895
-35.1272
-74.2757
-47.3608
-62.895
2.90201
22.2415
-49.107
51.1774
-49.107
-62.895
-14.8045
-62.895
58.0089
89.1837
166.491
31.2754
171.462
-70.0355
-62.895
-11.8341
-150.197
35.7646
-168.832
-130.825
-62.895
-84.1272
18.2756
-12.5854
-62.895
-62.895
-29.4224
72.9799
51.1774
75.7406
-14.9388
-62.895
23.0426
-49.107
2.00659
-163.729
-62.895
-12.5854
-84.1272
-130.825
-62.895
-36.9432
35.442
-62.895
-11.8341
-70.0355
-77.056
-52.7955
-62.895
-52.7955
-62.895
-21.3618
-62.895
37.3813
-70.0355
-35.1272
4.02965
-84.1272
35.442
-35.1272
166.491
-77.6945
-50.5279
-62.895
-84.1272
-37.2085
4.02965
-49.107
5.59102
-158.92
35.442
-84.1272
16.1313
-62.895
-84.1272
54.4319
8.18038
-62.895
-62.895
0.297643
-50.5279
-84.1272
-62.895
-62.895
-62.895
35.7646
16.0605
-77.6945
-62.895
25.8632
-84.1272
-39.6672
-49.107
63.9019
-130.825
-62.895
-11.627
58.0089
-21.9477
31.2754
-19.5795
19.7601
41.6572
-84.1272
0.297643
-37.5644
-130.825
3.7377
-74.2757
-49.107
-84.1272
0.297643
-62.895
-80.4579
-70.0355
-70.0355
-62.895
-49.107
-16.827
75.7406
-62.895
-158.92
75.7406
-130.825
51.1774
-57.721
-62.895
-47.3608
-31.4101
-36.9432
-49.107
-62.895
5.21983
-150.197
137.181
-49.107
-74.2757
41.7713
-62.895
51.1774
156.775
-11.8341
-11.8341
-158.92
-19.5795
-2.84696
-130.825
-163.729
32.3929
-62.895
-49.107
-11.8341
-46.6258
-21.9477
-13.2996
-62.895
-47.3608
-84.1272
-62.895
-20.0912
-11.8341
-35.1272
-77.6945
-49.107
-8.81545
-11.8341
-35.1272
-130.825
-20.0912
-2.84696
-47.3608
-8.81545
-36.9432
-49.107
-29.9042
-47.3608
-31.4101
89.1837
2.90201
-11.8341
-70.0355
-62.895
-70.0355
-37.5644
-84.1272
-74.2757
-62.895
-46.6258
27.1976
-49.107
19.9408
-46.6258
25.8632
-62.895
-62.895
-19.2298
-37.2085
-62.895
-62.895
-62.895
22.3445
-35.1272
-49.107
-62.895
-49.107
51.1774
156.775
-0.374371
-70.0355
15.5025
-62.895
-70.0355
-62.895
51.1774
-62.895
41.7713
-19.2298
44.6562
23.9103
35.442
-47.3608
-79.0111
-62.895
-62.895
51.1774
2.90201
-62.895
-39.6672
23.9103
-74.2757
41.6572
-50.5279
-77.056
-7.01764
-24.967
-62.895
34.8378
21.6915
-13.6812
-62.895
-62.895
-11.8341
-70.0355
-49.107
27.1976
-84.1272
-50.5279
-70.0355
4.02965
-84.1272
51.1774
-74.2757
-21.588
0.297643
25.8632
-4.34861
-50.5279
-18.0639
34.8378
41.7713
-49.107
-50.5279
-70.0355
-1.10448
-62.895
3.05074
-46.6258
63.9019
-62.895
-70.0355
-62.895
-11.8341
-21.9477
23.7904
-49.107
32.3929
34.8378
-47.3608
-62.895
-10.0925
-49.107
-70.0355
-20.584
-47.3608
-49.107
-36.9432
-84.1272
-47.3608
58.0089
-11.8341
-77.056
-9.16715
-19.5795
-77.6945
89.1837
-70.0355
51.1774
-19.5795
-49.107
-23.5346
-49.107
-11.8341
-24.967
-47.3608
28.5736
25.4565
-47.3608
-80.4579
-77.6945
163.068
-62.895
-62.895
-12.5854
-20.0912
-49.107
5.51609
-74.6185
-70.0355
-19.2298
-84.1272
-49.107
-47.3608
-24.967
-62.895
-74.2757
-24.967
4.02965
47.9733
-62.895
-8.81545
-62.895
-62.895
37.3813
-49.107
-74.2757
-47.3608
37.3813
-84.1272
-150.197
23.9103
4.02965
-49.107
-20.0912
-47.3608
-33.0416
-47.3608
-11.8341
0.297643
-19.5795
156.775
44.6562
72.9799
-36.9432
137.181
166.491
-11.8341
-13.5755
0.297643
-62.895
-20.733
-57.721
-35.1272
-47.3608
-22.7712
-62.895
-36.9432
25.8632
18.3429
-62.895
-130.825
-150.197
-74.2757
-36.9432
-74.2757
2.90201
-10.0925
-62.895
137.181
-70.0355
-84.1272
-77.6945
12.2636
75.7406
1.79089
-62.895
-35.1272
-33.0416
-62.895
-62.895
54.4319
-171.496
-19.2298
-70.0355
0.297643
16.1313
-62.895
-84.1272
11.4847
-62.895
-50.5279
-62.895
-77.056
-74.2757
-84.1272
0.297643
31.7059
-62.895
47.9733
-62.895
-62.895
-31.4101
25.8632
-19.5795
-70.0355
-166.755
-74.2757
51.1774
58.0089
-62.895
-84.1272
-130.825
-130.825
-47.3608
2.90201
27.3938
-130.825
-62.895
-0.859481
35.7646
-62.895
-47.3608
-84.1272
72.9799
34.8378
-49.107
-163.729
-62.895
-130.825
-47.3608
-62.895
-49.107
-47.3608
75.7406
-35.1272
-130.825
-74.2757
-19.5795
51.1694
-49.107
-62.895
19.9408
-11.8341
-79.0111
-163.729
-62.895
25.4565
72.9799
-49.107
-18.1735
5.21983
-62.895
-35.1272
-39.6672
-11.8341
-62.895
54.4319
-19.5795
-20.0912
-47.3608
-62.895
-74.2757
-37.2085
54.4319
0.297643
21.6915
-150.197
51.1774
-77.056
-37.2085
-39.6672
-77.6945
47.9733
-3.45922
-49.107
-70.0355
-84.1272
-77.6945
-35.1272
-47.3608
-30.8385
1.79089
-47.3608
-18.6336
-41.3353
-62.895
-47.3608
72.9799
-74.2757
-77.6945
-130.825
-39.6672
0.297643
19.9408
5.21983
-77.6945
-62.895
51.1774
-47.3608
-28.5071
0.297643
-62.895
-16.7909
41.6572
-62.895
-50.5279
-70.0355
44.6562
-24.0131
-62.895
-21.3618
-49.107
-62.895
89.1837
-84.1272
-17.1238
-37.2085
-79.0111
-77.6945
0.297643
72.9799
-130.825
-57.721
-62.895
89.1837
-62.895
-62.895
-74.2757
-62.895
-36.9432
-62.895
-70.0355
168.709
-62.895
-37.2085
-14.7379
-62.895
-77.6945
-62.895
-130.825
-47.3608
137.181
-130.825
21.6915
-77.6945
58.0089
-37.2085
-24.967
-150.197
-36.9432
-84.1272
-84.1272
-49.107
-6.5215
2.90201
24.4923
-62.895
35.7646
17.6853
-77.6945
-47.3608
-84.1272
-36.9432
-17.5487
-47.3608
-74.2757
14.8677
-30.0787
72.9799
21.6915
4.02965
-74.6185
54.4319
51.1774
23.9103
-47.3608
-30.8385
-37.2085
33.1164
72.9799
51.1774
-41.3353
-21.3618
-130.825
-70.0355
-5.47256
35.7646
-77.6945
41.6572
-25.8917
-150.197
-62.895
17.8101
-62.895
-35.1272
-158.92
-49.107
54.4319
-35.1272
51.1774
-36.9432
-84.1272
-35.1272
-49.107
-47.3608
54.4319
-62.895
-29.9042
3.05074
-47.3608
51.1694
-29.4224
-49.107
-130.825
-70.0355
35.442
-36.9432
-11.8341
-12.5854
-50.5279
-166.755
-130.825
-52.7955
-84.1272
-130.825
-77.6945
-77.6945
-62.895
-35.1272
-49.107
-13.6812
51.1774
-81.5705
156.775
-50.5279
-62.895
27.3938
-81.5705
-70.0355
17.7474
33.1164
-19.5795
-74.2757
-47.3608
-24.3261
23.9103
-70.0355
-62.895
-14.5312
-47.3608
-19.5795
25.8632
-49.107
-50.5279
-62.895
-70.0355
-11.8341
-84.1272
-70.0355
-5.8268
-70.0355
-57.721
3.05074
-62.895
-18.6336
-62.895
-150.197
-49.107
-70.0355
-30.0402
-62.895
23.9103
-62.895
-36.9432
-62.895
-20.0912
-84.1272
-84.1272
-47.3608
0.297643
31.7059
5.46575
-19.2298
-62.895
72.9799
-77.056
-11.8341
-35.1272
23.9103
-77.6945
-70.0355
-62.895
-11.8341
-84.1272
-0.859481
-11.8341
-49.107
-70.0355
47.9733
-62.895
-70.0355
51.1774
-62.895
-62.895
-77.6945
-70.0355
-70.0355
-47.3608
-9.54027
-49.107
-62.895
15.5594
-49.107
-62.895
54.4319
163.068
-62.895
23.9103
-47.3608
-29.4224
137.181
-74.6185
-47.3608
-25.8743
-37.2085
-84.1272
-62.895
-70.0355
44.6562
-22.1895
-35.1272
-20.0912
-70.0355
-50.5279
0.297643
-50.5279
26.4994
16.1313
-20.0912
-47.3608
75.7406
16.0605
2.90201
-70.0355
27.3938
44.6562
-13.6133
-62.895
-74.2757
20.249
-0.374371
-11.8341
-7.01764
-77.056
27.3938
-19.5795
-77.6945
-74.6185
-62.895
-35.1272
-84.1272
-31.4101
-84.1272
-11.8341
-158.92
-47.3608
137.181
75.7406
89.1837
-62.895
-49.107
-62.895
35.442
-52.7955
-77.6945
-70.0355
-47.3608
-62.895
-70.0355
-46.6258
32.3929
-150.197
-6.54477
47.9733
163.068
-35.1272
156.775
-62.895
-30.0787
-74.2757
-47.3608
72.9799
-62.895
34.8378
-19.5795
-57.721
-23.5346
72.9799
-62.895
-62.895
-163.729
-171.496
-37.878
-62.895
-47.3608
-9.16715
47.9733
-130.825
-84.1272
-74.2757
-62.895
-84.1272
-62.895
-62.895
28.5736
-36.9432
-47.3608
-62.895
32.3929
-62.895
-35.1272
-19.5795
-62.895
-13.6812
-62.895
-84.1272
-166.755
-24.3261
-84.1272
-77.6945
-84.1272
18.525
-19.2298
-57.721
0.297643
-77.6945
-21.3618
-150.197
51.1774
-62.895
-12.5854
-47.3608
-74.2757
-36.9432
-35.1272
-150.197
16.1313
-35.1272
-11.8341
-77.6945
-62.895
-30.0402
-47.3608
-62.895
70.6051
-62.895
75.7406
6.60818
-47.3608
16.0605
-84.1272
-84.1272
2.90201
-70.0355
4.02965
-70.0355
58.0089
-3.46216
-47.3608
-77.056
4.02965
-50.5279
8.43117
-77.056
17.6853
-130.825
-37.878
-84.1272
-20.584
-77.6945
-74.2757
-18.1735
156.775
-35.1272
0.205448
2.90201
63.9019
-62.895
-74.6185
-150.197
-24.967
-49.107
3.42312
-62.895
-74.2757
51.1774
34.8378
-50.5279
-50.5279
-47.3608
-49.107
4.02965
6.71312
-70.0355
23.9103
35.442
-84.1272
-41.3353
5.21983
-52.7955
23.9103
137.181
-36.9432
-11.8341
-49.107
137.181
-62.895
-74.2757
-19.5795
-36.9432
-77.6945
-62.895
-49.107
-10.0925
-49.107
2.90201
-50.5279
47.9733
-1.23544
34.8378
-84.1272
-77.6945
-29.9042
-49.107
-20.584
-47.3608
-29.9042
-47.3608
72.9799
-74.2757
-74.6185
41.6572
-74.6185
-130.825
-77.6945
-70.0355
-3.45922
-50.5279
-15.9497
-74.2757
-52.7955
-13.6812
-74.6185
-31.4101
-130.825
-163.729
-50.5279
-77.056
19.9408
25.8632
-70.0355
41.7713
-19.0736
-47.3608
-49.107
-47.3608
0.297643
-77.6945
27.2453
-36.9432
1.79089
-50.5279
-74.2757
-47.3608
-62.895
-74.6185
72.9799
-50.5279
-21.9477
-62.895
-36.9432
-62.895
-62.895
-12.5854
-28.5071
-77.6945
-62.895
72.9799
-70.0355
21.9045
2.90201
-13.6812
44.6562
156.775
-77.056
-70.0355
-30.0787
-47.3608
163.068
-1.23544
-77.6945
-5.06313
75.7406
-19.5795
-130.825
-70.0355
-8.81545
5.21983
-50.5279
-47.3608
0.15686
-36.9432
-84.1272
54.4319
-130.825
-35.1272
-3.46216
-130.825
16.7901
34.8378
-24.6927
-36.9432
-62.895
-49.107
89.1837
-11.8341
89.1837
-84.1272
137.181
-62.895
-11.8341
-0.859481
-20.584
-11.8341
-77.6945
-62.895
-6.54477
-19.5795
-3.45922
-74.2757
-62.895
-84.1272
-62.895
-11.8341
-62.895
-62.895
34.8378
-9.16715
-84.1272
-41.3353
25.8632
-30.0402
11.4847
-47.3608
-35.1272
-49.107
-47.3608
-74.2757
-24.967
-62.895
-84.1272
-172.401
-49.107
1.59187
-19.5795
-62.895
166.491
-77.056
-84.1272
47.9733
16.0605
27.3938
27.3938
-30.0787
-3.45922
-47.3608
-74.2757
-24.967
89.1837
-74.6185
-20.733
11.4847
-23.5346
-19.2298
22.8047
-70.0355
19.7601
-84.1272
0.205448
-62.895
33.1164
51.1774
-70.0355
163.068
-13.0731
35.7646
-62.895
-36.9432
-47.3608
-150.197
-18.6336
-130.825
-19.5795
-11.8341
20.249
-8.81545
-77.6945
-11.8341
47.9733
89.1837
23.7904
-130.825
74.6364
-21.3618
19.7601
-62.895
-62.895
19.9003
-150.197
4.02965
-62.895
63.9019
-49.107
-19.5795
-49.107
-57.721
-52.7955
23.0426
72.9799
-50.5279
-47.3608
-47.3608
-74.2757
-5.65187
-84.1272
24.6752
15.6625
-74.6185
-11.8341
41.7713
-70.0355
-77.6945
-30.0402
63.9019
-47.3608
-62.895
23.7904
-20.584
-36.9432
-77.6945
-29.9042
-84.1272
-11.8341
4.02965
-21.9477
-74.2757
156.775
-19.5795
4.02965
-11.8341
-11.8341
-62.895
-74.2757
75.7406
26.3473
-74.6185
-49.107
-62.895
-62.895
54.4319
-20.0912
-19.5759
-50.5279
-80.4579
-62.895
-41.3353
-37.5644
-62.895
-84.1272
-35.1272
-70.0355
-70.0355
-47.3608
-62.895
-62.895
-84.1272
-11.8341
-49.107
-62.895
-84.1272
75.7406
-77.6945
63.9019
72.9799
-62.895
-49.107
23.9103
19.7601
-62.895
41.7713
27.2453
-158.92
-47.3608
-49.107
-62.895
4.02965
-62.895
-62.895
-84.1272
-35.1272
89.1837
-10.0925
89.1837
2.62253
168.709
-17.5487
-84.1272
-57.721
-11.8341
-62.895
-70.0355
-20.584
-70.0355
-84.1272
34.8378
-35.1272
-79.0111
-29.9042
-130.825
-49.107
2.90201
2.90201
58.0089
-62.895
-84.1272
-62.895
41.7713
63.9019
75.7406
54.4319
-35.1272
23.9103
-33.0416
-49.107
-70.0355
-21.3618
-74.6185
-49.107
22.3445
-62.895
51.1774
-77.6945
-62.895
-49.107
-33.0416
54.4319
-36.9432
-62.895
72.9799
-62.895
2.90201
-11.8341
72.9799
-70.0355
-62.895
-150.197
-0.374371
20.3733
33.1164
-62.895
41.7713
-16.1012
-47.3608
-62.895
-1.23544
-47.3608
2.90201
-52.7955
-52.7955
-35.1272
-150.197
-20.0912
-62.895
-30.0402
-11.8341
-77.6945
31.7059
-25.3973
-62.895
-9.16715
-49.107
-158.92
-19.5795
23.9103
-74.6185
-11.8341
-84.1272
-74.6185
23.9103
-49.107
35.442
156.775
5.46575
75.7406
-77.056
4.02965
35.7646
-77.6945
-62.895
-47.3608
-20.733
5.21983
-19.2298
-84.1272
-70.0355
-13.6812
-62.895
4.02965
-35.1272
-70.0355
-79.0111
-84.1272
-49.107
-35.1272
-35.1272
-41.3353
0.205448
-29.9042
-77.6945
-20.584
41.7713
-74.6185
-62.895
-49.107
-62.895
-150.197
89.1837
-19.5795
-62.895
-49.107
-20.0912
-12.6167
22.3445
11.4847
-62.895
2.90201
35.442
-130.825
-84.1272
-77.6945
-74.6185
12.7107
5.51609
-130.825
-70.0355
-77.6945
-30.8385
-13.6133
-36.9432
-70.0355
-77.6945
0.297643
-77.056
-47.3608
54.4319
-46.6258
-150.197
-84.1272
2.90201
-49.107
4.02965
-70.0355
-37.878
-62.895
63.9019
-62.895
27.1976
-46.6258
-62.895
-70.0355
-62.895
-2.84696
-150.197
-62.895
-62.895
137.181
-62.895
-84.1272
-3.45922
-50.5279
2.90201
-20.0912
72.9799
89.1837
2.90201
-37.878
23.9103
37.3813
19.9003
-12.5854
-28.0333
-18.1735
-2.84696
-130.825
-50.5279
-3.46216
-84.1272
-35.1272
-49.107
-70.0355
-70.0355
-29.9042
-62.895
-52.7955
-35.1272
-70.0355
89.1837
137.181
-8.81545
-7.01764
27.3938
156.775
37.3813
16.0605
-84.1272
-20.0912
72.9799
19.9408
0.297643
-41.3353
-49.107
44.6562
41.6572
25.8632
-62.895
-62.895
-24.967
17.6648
-33.0416
-81.5705
-74.6185
-13.0731
-36.9432
-130.825
-12.5854
75.7406
-29.4224
58.0089
-74.2757
10.806
-70.0355
47.9733
-11.8341
-62.895
-62.895
54.4319
-49.107
-80.4579
-70.0355
-62.895
-130.825
-28.5071
-130.825
-36.9432
31.7059
-21.3618
4.02965
-70.0355
-47.3608
-74.6185
0.297643
-62.895
-36.9432
-62.895
-47.3608
19.7601
-74.6185
-70.0355
-11.8341
54.4319
-62.895
-29.4224
-62.895
-62.895
-150.197
-84.1272
63.9019
18.3974
-8.81545
-62.895
-84.1272
-62.895
-62.895
-62.895
-49.107
-21.9477
16.9048
-77.6945
58.0089
-49.107
-158.92
27.3938
35.442
22.5438
24.4923
-35.1272
-11.8341
137.181
89.1837
-35.1272
-84.1272
-62.895
-49.107
-130.825
0.297643
-77.056
-9.16715
-84.1272
-49.107
-36.9432
-158.92
-62.895
72.9799
-11.8341
44.6562
-37.2085
-70.0355
-19.5795
22.2415
33.1164
72.9799
-30.0787
-81.5705
-19.5795
41.6572
-70.0355
-35.1272
2.90201
-62.895
-17.1238
-49.107
-35.1272
75.7406
19.7601
-49.107
19.9408
-47.3608
-70.0355
-62.895
0.297643
-37.878
-62.895
23.9103
-47.3608
51.1774
54.4319
-70.0355
-2.84696
-77.6945
44.6562
21.6915
-35.1272
33.1164
-77.6945
-13.0482
-19.5795
2.90201
32.3929
-74.6185
-50.5279
26.4994
-62.895
-49.107
-47.3608
27.3938
-8.24802
-35.1272
-84.1272
35.442
-130.825
-33.0416
27.3938
-49.107
-62.895
-77.6945
-84.1272
-62.895
-62.895
-168.832
-77.6945
-130.825
-47.3608
-62.895
-19.2298
-49.107
75.7406
-62.895
-12.5854
-77.6945
-77.6945
-47.3608
-35.1272
15.5025
35.7646
-77.6945
-74.6185
54.4319
0.297643
-70.0355
-50.5279
-62.895
-30.0402
137.181
-37.878
26.3892
-77.6945
-81.5705
17.6853
-49.107
-35.1272
2.90201
-33.0416
-62.895
-3.45922
54.4319
-77.6945
-62.895
20.249
47.9733
0.297643
72.9799
-62.895
-12.3662
-62.895
-130.825
-46.6258
89.1837
-52.7955
-35.1272
-70.0355
23.9103
-130.825
-70.0355
-74.2757
-20.0912
-84.1272
-47.3608
37.3813
35.7646
-49.107
-70.0355
-47.3608
-163.729
58.0089
-70.0355
-57.721
89.1837
23.7904
51.1774
-62.895
89.1837
-19.5795
-9.16715
-37.2085
-49.107
-2.19812
-31.4101
-35.1272
-41.3353
-5.8268
-77.6945
-24.967
44.6562
19.7601
4.01983
-84.1272
166.491
-19.2298
-84.1272
-49.107
-62.895
-130.825
0.15686
21.9045
5.46575
-21.9477
-150.197
51.1774
37.3813
35.7646
0.297643
-46.6258
-62.895
-11.8341
-70.0355
-49.107
-62.895
72.9799
-11.8341
-35.1272
-84.1272
-77.6945
0.15686
-37.5644
89.1837
18.2756
-74.2757
-50.5279
27.1976
-35.1272
-130.825
2.90201
-11.8341
23.9103
37.3813
-84.1272
-150.197
3.42312
-25.3973
-62.895
-70.0355
-25.3973
-19.2298
-2.84696
-19.5795
-74.2757
-2.84696
-11.8341
63.9019
-41.3353
-20.733
-49.107
-35.1272
-62.895
-130.825
-0.859481
-3.45922
-74.2757
-166.755
-79.0111
54.4319
-11.8341
-49.107
-84.1272
-62.895
-35.1272
-62.895
-47.3608
-62.895
-62.895
-74.2757
-62.895
-70.0355
-77.056
-21.9477
-82.4521
-50.5279
-62.895
-74.6185
16.1313
-62.895
-7.01764
4.02965
-62.895
2.90201
-36.9432
-11.8341
-11.8341
47.9733
-84.1272
16.7901
-62.895
-130.825
-7.01764
19.7601
54.4319
-77.6945
-20.0912
-13.6812
51.1774
-12.5854
-62.895
-84.1272
18.3974
-74.6185
51.1694
-47.3608
-6.61351
-62.895
-8.81545
-19.2298
70.6051
-35.1272
-77.6945
-36.9432
-47.3608
-77.6945
-70.0355
-39.6672
35.442
-70.0355
-84.1272
-18.6336
-12.5854
41.7713
-84.1272
-49.107
89.1837
-35.1272
-62.895
27.1976
-77.6945
-84.1272
-3.45922
-163.729
44.6562
27.2453
17.7474
-47.3608
75.7406
-77.6945
-37.878
-70.0355
-2.84696
-49.107
-62.895
-52.7955
-74.6185
2.90201
-84.1272
-2.84696
-77.6945
-84.1272
137.181
-62.895
-62.895
-12.5854
-19.0736
75.7406
10.7228
-49.107
-62.895
-20.0912
156.775
-62.895
4.02965
-74.2757
-158.92
-37.2085
-36.9432
-74.2757
26.4994
-14.9388
156.775
-50.5279
-33.0416
-18.6336
-20.0912
-20.0912
-39.6672
-29.4224
-49.107
-74.2757
-62.895
-70.0355
-18.1735
-49.107
-62.895
5.21983
44.6562
-25.8917
-130.825
25.8632
-77.056
-30.0402
33.1164
-79.0111
-21.588
-70.0355
-150.197
-84.1272
51.1694
-166.755
-35.1272
-74.2757
-47.3608
-47.3608
-77.6945
-74.6185
-70.0355
41.7713
-21.3618
-37.878
75.7406
-49.107
89.1837
-47.3608
-47.3608
-19.2298
-62.895
-24.967
-11.8341
-62.895
-19.5795
5.21983
-74.6185
-84.1272
-62.895
-19.5795
-62.895
-49.107
-77.6945
-70.0355
-29.4224
-57.721
35.442
0.297643
-21.3618
-0.859481
-49.107
-49.107
72.9799
-130.825
-84.1272
-19.2298
-35.1272
-47.3608
-19.5795
-62.895
72.9799
-13.0731
-74.6185
-62.895
-74.2757
-49.107
-16.5059
44.6562
-150.197
-130.825
-62.895
-49.107
47.9733
19.9003
-70.0355
-49.107
-15.9497
156.775
-84.1272
-35.1272
-36.9432
-1.23544
-77.6945
-77.056
19.7601
-47.3608
-70.0355
-74.2757
28.5736
-37.5644
-70.0355
-50.5279
-62.895
-11.8341
9.0453
-62.895
-49.107
-70.0355
47.9733
-49.107
-130.825
19.9408
41.7713
47.9733
-168.832
17.7474
-74.2757
72.9799
89.1837
15.8709
-130.825
-13.6812
-36.9432
-11.8341
-30.8385
-62.895
-20.0912
-158.92
-84.1272
21.6915
-62.895
137.181
47.9733
-47.3608
-79.0111
-62.895
34.8378
-62.895
-74.2757
54.4319
-62.895
58.0089
-50.5279
-36.9432
-84.1272
-62.895
0.205448
-47.3608
-6.54477
-49.107
-70.0355
-35.1272
-74.2757
-163.729
-84.1272
75.7406
89.1837
19.9408
-62.895
16.0605
-8.81545
-77.056
51.1774
-37.2085
-70.0355
-0.859481
-84.1272
41.7713
-35.1272
-62.895
-19.5795
-35.1272
-49.107
-11.8341
34.8378
-50.5279
-35.1272
-0.859481
0.205448
-2.84696
19.7601
31.7059
51.1774
-49.107
-5.47256
-49.107
-24.6927
-130.825
-37.2085
-62.895
15.5025
51.1774
35.7646
-130.825
-62.895
-163.729
-49.107
-62.895
-77.056
-150.197
-49.107
32.3929
-39.6672
72.9799
25.8632
-25.8917
-82.4521
-49.107
-35.1272
-22.1895
11.4847
-70.0355
-47.3608
-19.5759
35.442
35.442
-3.46216
-52.7955
-62.895
-47.3608
-5.52115
-21.3618
-11.8341
-130.825
54.4319
-47.3608
0.205448
-47.3608
-77.6945
-70.0355
-7.21391
-84.1272
1.79089
-62.895
72.9799
58.0089
-158.92
-47.3608
-62.895
-25.8917
-130.825
-84.1272
5.51609
35.442
-35.1272
-11.8341
-150.197
-77.6945
-19.0333
-84.1272
72.9799
-0.859481
-49.107
-62.895
-84.1272
-77.6945
-13.2996
37.3813
-74.6185
-62.895
-49.107
63.9019
41.7713
-17.2943
-6.61351
-77.6945
-77.6945
51.1774
35.442
19.9408
-15.9497
-79.0111
-49.107
-62.895
-2.19812
-150.197
-62.895
-62.895
-77.056
156.775
-47.3608
89.1837
-22.8862
-81.5705
-8.81545
-70.0355
58.0089
33.1164
2.90201
2.90201
-62.895
21.7683
-70.0355
-62.895
-52.7955
-37.5644
18.3974
-50.5279
-1.23544
28.0584
-84.1272
-84.1272
-29.9042
-35.1272
-77.056
-62.895
137.181
51.1774
51.1774
-70.0355
19.7601
-77.6945
-25.8743
-50.5279
-39.6672
-11.8341
-19.5795
-62.895
-74.2757
-74.2757
-19.2298
72.9799
0.297643
-62.895
-46.6258
-62.895
171.462
-130.825
15.5025
-52.7955
-36.9432
8.43117
-62.895
89.1837
-62.895
21.6915
89.1837
44.6562
-52.7955
-130.825
-62.895
163.068
-77.6945
51.1694
-20.584
-77.6945
-20.0912
-49.107
-10.3377
-84.1272
-31.4101
-70.0355
-70.0355
-62.895
0.297643
-62.895
0.205448
37.3813
-62.895
-62.895
-49.107
25.8632
-29.9042
-62.895
-47.3608
-84.1272
-70.0355
89.1837
-39.6672
-37.878
0.297643
-70.0355
-47.3608
0.297643
51.1774
-150.197
-19.5795
-62.895
-49.107
-11.8341
-62.895
-50.5279
-20.0912
-84.1272
-47.3608
-79.0111
-37.2085
-62.895
-62.895
-62.895
-49.107
-11.8341
-35.1272
-77.6945
-29.9042
-77.6945
72.9799
-49.107
-49.107
-13.6133
-77.6945
0.297643
51.1774
-70.0355
-19.8285
-5.06313
-24.3261
-62.895
89.1837
-11.8341
75.7406
-11.8341
-49.107
-8.81545
-50.5279
-8.81545
-62.895
75.7406
-35.1272
27.1976
-35.1272
5.46575
37.3813
35.7646
137.181
-74.6185
-39.6672
-62.895
-36.9432
4.20034
-166.755
54.4319
-62.895
8.18038
51.1694
-62.895
-57.721
137.181
-47.3608
-74.6185
-130.825
5.21983
-11.8341
2.90201
-52.7955
-25.3973
-20.584
-70.0355
-37.2085
-74.2757
35.442
51.1694
-52.7955
72.9799
-84.1272
-35.1272
-9.16715
-35.1272
-49.107
156.775
-47.3608
166.491
-84.1272
-19.5795
2.90201
19.9408
47.9733
0.297643
-46.6258
-49.107
19.9408
-20.0912
-35.1272
72.9799
-52.7955
-49.107
34.8378
-62.895
-49.107
47.9733
-84.1272
-84.1272
-35.1272
75.7406
-0.859481
-84.1272
-39.6672
-11.8341
44.6562
-130.825
-158.92
-11.8341
-11.8341
-47.3608
-84.1272
51.1774
0.297643
-62.895
-70.0355
-62.895
-74.6185
-11.8341
-70.0355
5.46575
22.5438
51.1774
0.297643
-130.825
-84.1272
32.3929
63.9019
44.6562
-77.6945
-130.825
-84.1272
5.51609
0.297643
16.1313
0.297643
-62.895
-19.5795
2.90201
-20.0912
-20.0912
17.6853
-19.5795
-20.584
-47.3608
-35.1272
-29.4224
-62.895
-70.0355
-77.6945
-70.0355
-62.895
0.15686
-19.5795
41.7713
-62.895
37.3813
41.6572
-62.895
-74.6185
-47.3608
-7.01764
-130.825
-62.895
-74.2757
37.3813
72.9799
-70.0355
-36.9432
-70.0355
-62.895
-47.3608
-130.825
-62.895
-84.1272
2.90201
44.6562
25.8632
-130.825
-20.0912
-12.5854
-36.9432
-49.107
-2.84696
-70.0355
35.442
72.9799
-150.197
-36.9432
2.90201
23.9103
0.297643
-84.1272
-50.5279
-49.107
-70.0355
-77.056
-37.2085
-77.6945
-13.0731
-11.8341
-20.0912
137.181
-70.0355
1.59187
-37.5644
-47.3608
-19.5795
-37.2085
-41.3353
-74.2757
0.15686
72.9799
-62.895
-130.825
89.1837
-130.825
4.02965
25.8632
35.442
-70.0355
58.0089
-20.3971
58.0089
41.6572
44.6562
-35.1272
-46.6258
-62.895
-62.895
-25.8743
2.90201
-21.9477
-70.0355
-79.0111
41.7713
-19.5795
-49.107
-36.9432
-31.4101
72.9799
37.3813
-84.1272
-84.1272
77.3033
25.8632
-84.1272
63.9019
-35.1272
-62.895
-62.895
-77.6945
-62.895
-62.895
-52.7955
-62.895
-150.197
-50.5279
-11.8341
31.7059
0.297643
-3.08373
-70.0355
-62.895
-2.84696
-49.107
-25.8917
-84.1272
-11.8341
35.442
137.181
72.9799
-11.8341
-62.895
-62.895
25.8632
-35.1272
-62.895
34.8378
-74.2757
-29.9042
-62.895
58.0089
-47.3608
-50.5279
-17.5487
-62.895
-20.584
0.205448
-47.3608
23.9103
-62.895
-35.1272
-77.056
-49.107
15.6625
-70.0355
89.1837
-84.1272
-62.895
-158.92
-70.0355
-62.895
-35.1272
-41.3353
-20.0912
-70.0355
37.3813
24.4923
-70.0355
-70.0355
-77.6945
-62.895
-77.6945
-62.895
-77.6945
19.9408
-49.107
23.9103
75.7406
-62.895
35.7646
37.3813
25.4565
-130.825
41.7713
89.1837
-9.16715
-47.3608
-29.4224
-20.733
-150.197
-49.107
-19.5795
24.4923
-62.895
0.297643
-0.859481
-70.0355
25.8632
-47.3608
-77.6945
-163.729
-84.1272
-49.107
-0.859481
-47.3608
74.6364
-11.8341
-36.9432
35.7646
-130.825
-74.2757
4.02965
-36.9432
-62.895
-47.3608
31.7059
-24.3261
-158.92
89.1837
-20.5701
-11.8341
-11.8341
15.5025
-62.895
-35.1272
-62.895
-25.8743
54.4319
63.9019
-62.895
-37.2085
-49.107
-150.197
-20.0912
-8.81545
28.5736
35.442
-11.8341
-57.721
-62.895
2.90201
-62.895
-62.895
-62.895
-19.5795
-84.1272
70.6051
-74.2757
-25.8743
-84.1272
-49.107
-47.3608
-11.8341
17.8101
-29.9042
-49.107
-47.3608
-77.6945
-41.3353
-84.1272
-35.1272
-84.1272
51.1774
-84.1272
89.1837
51.1694
-150.197
-84.1272
-62.895
-77.6945
-47.3608
-150.197
-84.1272
-49.107
-13.0296
-77.6945
72.9799
15.6625
19.7601
-62.895
-74.6185
70.6051
4.02965
-49.107
-20.0912
-20.0912
-47.3608
-62.895
0.205448
-20.0912
-20.0912
-62.895
15.5025
22.3445
-20.0912
-77.6945
-36.9432
-130.825
-22.8862
-20.0912
25.8632
15.5025
-62.895
-3.08373
-13.6812
2.90201
89.1837
-74.6185
-62.895
-41.3353
35.442
-39.6672
-47.3608
23.9103
-2.84696
0.297643
72.9799
-70.0355
35.7646
-84.1272
-49.107
137.181
-62.895
-84.1272
0.297643
-84.1272
-130.825
22.8047
72.9799
-47.3608
72.9799
-166.755
-47.3608
-36.9432
-70.0355
-46.6258
-130.825
23.9103
-70.0355
-50.5279
-70.0355
137.181
-35.1272
41.7713
-7.01764
-37.5644
-49.107
-70.0355
-62.895
-70.0355
-47.3608
0.297643
-2.84696
4.01983
-49.107
47.9733
-70.0355
-84.1272
-84.1272
-47.3608
2.00659
-84.1272
-62.895
-130.825
-70.0355
33.1164
-80.4579
-130.825
-6.5215
-29.9042
-62.895
-74.2757
24.4923
-35.1272
21.1579
72.9799
-130.825
-35.1272
163.068
41.6572
-62.895
-11.8341
-62.895
-130.825
-62.895
27.3938
-62.895
5.46575
-57.721
-47.3608
-84.1272
-84.1272
54.4319
-19.5795
-62.895
27.2453
-13.0731
4.02965
75.7406
-62.895
-62.895
-47.3608
72.9799
-47.3608
-62.895
-130.825
-130.825
-35.1272
-50.5279
75.7406
-2.84696
2.90201
-74.2757
-77.6945
-47.3608
-11.8341
-29.4224
-77.6945
-84.1272
27.1976
-46.6258
-77.056
31.2754
-62.895
-30.8385
25.8632
75.7406
-62.895
-19.3186
-130.825
-29.9042
-50.5279
-49.107
2.90201
-62.895
-49.107
-50.5279
-84.1272
22.2415
-49.107
-20.0912
22.8047
-77.6945
2.90201
-49.107
-49.107
-130.825
-62.895
-57.721
-77.6945
-130.825
-74.2757
-168.832
-49.107
-70.0355
23.9103
-74.2757
-70.0355
-49.107
-47.3608
-47.3608
2.90201
-62.895
-50.5279
-49.107
-77.6945
-49.107
16.0605
58.0089
-7.94061
-36.9432
-70.0355
44.6562
28.5736
51.1694
-49.107
-77.6945
-52.7955
72.9799
63.9019
-11.8341
-62.895
51.1774
19.2119
-62.895
-47.3608
-29.9042
-84.1272
89.1837
-84.1272
-13.6133
-74.6185
-36.9432
-62.895
-47.3608
-62.895
72.9799
72.9799
-62.895
-39.6672
-20.0912
19.9195
4.02965
-84.1272
-20.584
25.4565
-35.1272
72.9799
-62.895
72.9799
-84.1272
0.15686
58.0089
2.90201
-83.1675
44.6562
-84.1272
72.9799
10.7228
-49.107
-80.4579
-130.825
-20.0912
-29.9042
-62.895
-11.8341
-20.0912
23.9103
14.339
28.5736
0.297643
-14.5312
-62.895
74.6364
-62.895
-37.2085
0.297643
51.1774
41.7713
-35.1272
-24.967
-77.6945
25.8632
-62.895
-5.47256
-49.107
-17.5487
-52.7955
-49.107
-84.1272
89.1837
-52.7955
-62.895
63.9019
-11.8341
-25.8743
5.21983
-19.2298
-50.5279
-70.0355
41.6572
19.2119
-52.7955
70.6051
-19.5795
54.4319
41.7713
-57.721
-35.1272
-62.895
-24.3261
-74.6185
0.297643
-11.8341
-150.197
-62.895
54.4319
-20.584
23.9103
-11.8341
-47.3608
-2.84696
-23.5346
-62.895
-77.6945
-50.5279
-19.5759
58.0089
-62.895
41.7713
-62.895
-158.92
72.9799
54.4319
-77.6945
-84.1272
-130.825
-62.895
-50.5279
31.2754
-62.895
-41.3353
51.1694
-74.2757
51.1694
-130.825
1.79089
0.205448
-70.0355
72.9799
-80.4579
-47.3608
-62.895
4.02965
-150.197
-41.3353
-84.1272
-11.8341
27.3938
-62.895
-13.6812
25.8632
-50.5279
-30.0402
-74.6185
-62.895
-15.9497
-62.895
0.297643
72.9799
-49.107
-11.8341
27.1976
54.4319
-62.895
-130.825
-3.45922
32.3929
-62.895
-130.825
-62.895
-50.5279
75.7406
-20.584
-24.967
-130.825
-24.967
-62.895
-36.9432
27.3938
0.205448
-47.3608
51.1774
-84.1272
-11.8341
2.90201
-50.5279
-11.8341
-5.47256
-21.3618
3.42312
-62.895
-36.9432
18.2756
54.4319
-47.3608
-77.056
-17.5487
-33.0416
54.4319
-0.859481
-77.6945
-29.9042
9.09125
70.6051
-70.0355
-13.6812
-29.9042
-62.895
-49.107
-19.5759
156.775
58.0089
-62.895
-84.1272
13.9106
-84.1272
-70.0355
2.90201
-77.6945
34.8378
-77.6945
-158.92
19.7601
41.7713
-47.3608
-47.3608
-49.107
-17.5487
-29.9042
27.1976
28.0584
-62.895
11.5754
-49.107
-35.1272
31.7059
-130.825
-84.1272
-11.8341
-77.056
72.9799
-62.895
27.1976
-11.8341
-163.729
-49.107
1.79089
-62.895
-47.3608
-50.5279
-50.5279
-36.9432
-49.107
-84.1272
2.90201
-49.107
-36.9432
4.02965
75.7406
-20.584
34.8378
-7.01764
-29.9042
-39.6672
-130.825
-80.4579
-49.107
89.1837
11.4847
-150.197
35.442
35.442
156.775
137.181
89.1837
4.02965
35.442
-37.2085
-62.895
16.0605
-62.895
-62.895
-62.895
9.74895
25.8632
-62.895
-62.895
-158.92
-11.8341
-62.895
-70.0355
-62.895
-37.2085
-150.197
-70.0355
-130.825
-70.0355
156.775
-74.2757
-84.1272
-33.0416
-81.5705
-57.721
23.9103
-28.5071
-130.825
-24.967
19.9408
-84.1272
0.297643
-2.84696
-77.056
58.0089
-19.5795
-37.2085
-62.895
-74.2757
137.181
51.1774
-22.8862
89.1837
2.90201
-62.895
-11.8341
-62.895
-47.3608
0.297643
-84.1272
72.9799
-1.23544
35.442
2.90201
-84.1272
-36.9432
-20.584
-30.8385
-29.4224
-50.5279
-36.9432
72.9799
-70.0355
41.6572
22.2415
-35.1272
4.02965
-49.107
-21.3618
-79.0111
-150.197
-24.967
-47.3608
-130.825
0.297643
-35.1272
-77.6945
21.9045
-70.0355
-84.1272
-150.197
-84.1272
51.1774
-36.9432
-62.895
-62.895
-74.2757
-29.9042
-62.895
2.90201
-84.1272
-84.1272
-62.895
-166.755
0.297643
-36.9432
-62.895
-84.1272
-70.0355
72.9799
89.1837
-50.5279
1.79089
156.775
-130.825
-47.3608
-2.84696
-130.825
-35.1272
35.442
-150.197
51.1774
0.15686
15.652
-70.0355
-74.2757
-130.825
-84.1272
-62.895
-77.6945
-150.197
51.1694
72.9799
-62.895
163.068
-57.721
2.90201
-24.0131
-37.2085
-18.1735
-20.0912
-62.895
-0.859481
-13.6812
-130.825
-47.3608
2.90201
-62.895
-62.895
-62.895
-84.1272
-74.2757
89.1837
72.9799
-130.825
-36.9432
26.3892
-70.0355
-84.1272
-62.895
-47.3608
5.46575
-52.7955
-36.9432
-130.825
-35.1272
-47.3608
-47.3608
-77.056
-158.92
-130.825
-158.92
-62.895
-62.895
-41.3353
-62.895
8.43117
-49.107
-166.755
-62.895
58.0089
-74.6185
-11.8341
-47.3608
-31.4101
-62.895
-2.19812
137.181
-20.584
-70.0355
-84.1272
-35.1272
-130.825
-62.895
-36.9432
-52.7955
-57.721
-84.1272
-84.1272
-84.1272
-11.8341
-19.5795
-62.895
-84.1272
-35.1272
-163.729
-35.1272
-35.1272
-20.0912
89.1837
-39.6672
-47.3608
-15.9497
-13.6812
-57.721
-10.0925
-62.895
44.6562
-77.056
17.6853
25.8632
-62.895
-13.6133
-30.0787
58.0089
-84.1272
44.6562
2.90201
51.1694
-29.4224
-130.825
-35.1272
-47.3608
51.1694
-47.3608
-49.107
-79.0111
-70.0355
-17.5487
-130.825
-20.0912
58.0089
-130.825
-158.92
-50.5279
-77.6945
-62.895
-49.107
-62.895
-46.6258
-12.5854
-158.92
-70.0355
-70.0355
-8.81545
-11.8341
54.4319
-36.9432
-19.5795
-70.0355
35.442
41.6572
-62.895
51.1694
-12.5854
-62.895
-84.1272
35.7646
-62.895
-19.3186
-62.895
3.65509
-49.107
-35.1272
-62.895
-20.584
-80.4579
-70.0355
-50.5279
-11.8341
-62.895
-150.197
-130.825
72.9799
-50.5279
-47.3608
-20.0912
-37.2085
16.0605
-11.8341
23.0426
0.297643
27.2453
-62.895
-29.9042
5.2777
-20.584
-84.1272
-47.3608
-57.721
11.4847
-17.5487
-62.895
44.6562
51.1774
-12.5854
-49.107
-84.1272
2.62253
35.442
-74.2757
-84.1272
-84.1272
15.8709
51.1694
-62.895
-150.197
34.8378
54.4319
-47.3608
-70.0355
-74.6185
-62.895
-49.107
-47.3608
-20.584
-49.107
-37.2085
-35.1272
-74.2757
72.9799
-49.107
51.1774
-70.0355
-130.825
41.6572
41.6572
0.297643
-62.895
23.9103
-70.0355
-62.895
-62.895
-49.107
72.9799
-70.0355
34.8378
-62.895
-30.0402
-70.0355
41.7713
-130.825
51.1694
26.3473
-62.895
-49.107
-31.4101
137.181
-84.1272
-62.895
-21.3618
18.3974
-62.895
-84.1272
-2.84696
-130.825
51.1774
-49.107
41.7713
-12.5854
-74.2757
-77.6945
0.297643
34.8378
-19.5795
-11.8341
-62.895
-19.5795
-35.1272
-62.895
51.1774
-29.9042
-84.1272
15.1561
-47.3608
-46.6258
4.02965
89.1837
15.5025
51.1694
-84.1272
-19.8285
75.7406
-150.197
-77.6945
-70.0355
-57.721
-70.0355
-70.0355
-29.9042
-62.895
-19.5795
-74.2757
34.8378
-18.6336
-46.6258
-21.3618
-62.895
-77.056
75.7406
-8.81545
-8.81545
75.7406
-8.81545
-70.0355
-70.0355
-52.7955
-11.8341
35.442
28.5736
-49.107
4.02965
-62.895
1.03519
51.1694
-35.1272
-20.733
-5.47256
-19.5795
-52.7955
-49.107
-158.92
89.1837
-10.9131
-24.967
-11.8341
-47.3608
-36.9432
-130.825
-62.895
-70.0355
-36.9432
2.90201
5.51609
11.4144
-6.61351
75.7406
-62.895
-70.0355
-36.9432
-0.859481
-84.1272
18.3974
-22.7712
2.90201
-62.895
-70.0355
-62.895
-50.5279
-70.0355
35.442
-70.0355
19.7601
-70.0355
-74.2757
-49.107
-39.6672
-19.5795
-77.6945
-77.056
-62.895
-62.895
-130.825
23.0426
-14.5312
58.0089
-10.3377
51.1774
-70.0355
-70.0355
-70.0355
-130.825
-36.9432
16.0605
75.7406
-150.197
-49.107
-35.1272
137.181
5.21983
51.1774
-130.825
-11.8341
-49.107
-49.107
72.9799
-36.9432
51.1694
-41.3353
-30.0787
-62.895
-29.9042
-35.1272
-49.107
51.1774
-74.6185
-35.1272
-35.1272
-130.825
-46.6258
-29.9042
-47.3608
-84.1272
-20.0912
-49.107
-70.0355
0.297643
-30.0787
-8.81545
-7.01764
-49.107
-50.5279
-49.107
-62.895
-36.9432
-35.1272
-37.5644
2.90201
51.1694
-49.107
-70.0355
31.7059
-47.3608
-84.1272
19.3361
-47.3608
54.4319
-47.3608
-8.81545
-35.1272
-62.895
19.9003
-130.825
51.1774
-1.23544
-25.8917
-62.895
75.7406
-74.2757
-28.5071
-47.3608
-84.1272
-20.584
-150.197
-13.6812
-84.1272
4.01983
89.1837
-57.721
26.3473
-37.2085
-84.1272
0.297643
2.00659
-62.895
-33.0416
-74.6185
-30.0402
-70.0355
37.3813
44.6562
-62.895
-74.6185
54.4319
-47.3608
5.21983
137.181
-70.0355
-70.0355
4.02965
-37.878
-49.107
-84.1272
-74.2757
-47.3608
-77.6945
-74.6185
-30.0402
24.6752
1.59187
156.775
51.1774
-49.107
-50.5279
-130.825
-47.3608
-70.0355
-47.3608
2.90201
-62.895
-49.107
-11.8341
-49.107
2.90201
-70.0355
-35.1272
-62.895
-62.895
-35.1272
-19.5795
44.6562
-84.1272
-36.9432
2.90201
-35.1272
-70.0355
-74.6185
19.9408
-13.5755
-36.9432
-84.1272
-19.2298
0.297643
-62.895
-2.84696
-84.1272
-20.0912
-47.3608
-50.5279
54.4319
-13.6812
22.2415
156.775
89.1837
58.0089
25.8632
-70.0355
-47.3608
-11.8341
41.6572
-41.3353
-15.9497
-49.107
41.6572
-77.6945
-35.1272
-70.0355
0.205448
-62.895
-49.107
17.6648
-62.895
-12.5854
4.02965
-28.0333
-21.3618
-35.1272
16.0605
-17.5487
-84.1272
51.1774
4.02965
-8.81545
-62.895
-62.895
-62.895
-36.9432
-62.895
-24.967
-130.825
0.297643
51.1774
41.6572
-150.197
-77.056
-47.3608
-130.825
-79.0111
-62.895
-37.2085
4.02965
-47.3608
-62.895
74.6364
-77.6945
-62.895
58.0089
-35.1272
3.42312
34.8378
-84.1272
-163.729
-62.895
-74.2757
-62.895
-62.895
-52.7955
-17.5487
-29.9042
34.8378
-7.01764
4.02965
-19.5795
-49.107
44.6562
-130.825
-47.3608
44.6562
-77.056
26.3473
-41.3353
-62.895
-37.5644
-77.6945
34.8378
-35.1272
47.9733
-19.5795
72.9799
-62.895
-7.01764
-47.3608
-5.47256
-2.84696
-20.0912
-70.0355
23.9103
-35.1272
-62.895
-50.5279
-8.81545
-1.23544
-74.2757
-10.9131
-62.895
-17.5487
-47.3608
-84.1272
54.4319
-47.3608
-35.1272
-50.5279
75.7406
-8.81545
-62.895
-79.0111
8.86868
-19.5795
-20.0912
137.181
-49.107
-77.056
44.6562
72.9799
-19.5795
-62.895
-29.9042
2.90201
-0.374371
-62.895
-130.825
24.4923
-10.0925
-62.895
-39.6672
-36.9432
-47.3608
-150.197
23.7904
27.2453
-50.5279
-47.3608
-81.5705
-37.878
22.2415
33.1164
-62.895
-46.6258
-49.107
35.442
-62.895
25.4565
51.1774
89.1837
-62.895
-74.6185
-62.895
-84.1272
-70.0355
0.205448
-35.1272
-37.2085
-24.3261
-150.197
51.1694
-11.8341
-158.92
-2.84696
51.1774
2.90201
-62.895
-77.6945
-62.895
-62.895
37.3813
-74.2757
75.7406
-49.107
-70.0355
4.02965
-80.4579
-20.584
-49.107
-9.16715
2.90201
-18.8848
-74.6185
-31.4101
-62.895
-0.859481
-62.895
-62.895
89.1837
-35.1272
-19.5795
4.02965
2.90201
-8.81545
-47.3608
-70.0355
-35.1272
-62.895
19.7601
-11.8341
-30.0402
-37.2085
-84.1272
19.9408
89.1837
13.6745
35.442
156.775
-19.2298
-49.107
-36.9432
-70.0355
-62.895
-62.895
-0.859481
2.90201
-25.3973
-49.107
-29.9042
-62.895
27.3938
33.1164
-11.8341
-13.6812
-11.8341
-150.197
47.9733
75.7406
-35.1272
25.8632
-62.895
-150.197
156.775
-77.6945
-70.0355
-70.0355
-62.895
-47.3608
-74.2757
-150.197
72.9799
0.297643
-84.1272
58.0089
-11.8341
-62.895
-62.895
-21.3618
-74.6185
17.6853
2.90201
32.3929
-13.6812
-62.895
-11.8341
-11.8341
-74.2757
-84.1272
-47.3608
-163.729
-19.5795
-77.056
-50.5279
-11.8341
2.90201
4.02965
41.6572
163.068
-62.895
-50.5279
-49.107
44.6562
-74.6185
16.0605
-46.6258
23.7904
-30.0787
41.6572
-62.895
-10.3377
-10.3377
-30.8385
-35.1272
-14.9388
-2.84696
-62.895
41.7713
-47.3608
-49.107
-62.895
-62.895
0.297643
-36.9432
-130.825
-50.5279
-11.8341
-35.1272
-47.3608
-35.1272
-3.29489
-20.584
-77.6945
-47.3608
-62.895
-9.16715
-130.825
72.9799
-70.0355
72.9799
-20.0912
-74.2757
-70.0355
51.1694
-37.2085
2.90201
-12.5854
-8.81545
-11.8341
23.9103
23.9103
35.442
-150.197
-166.755
-35.1272
-36.9432
-130.825
-35.1272
2.90201
35.442
32.3929
89.1837
-47.3608
-25.8743
51.1774
-62.895
31.7059
-47.3608
-57.721
-62.895
27.3938
-47.3608
0.205448
54.4319
-70.0355
-70.0355
-84.1272
-0.859481
-12.3662
-0.374371
-74.2757
-62.895
4.02965
-11.8341
-20.584
-79.0111
-84.1272
-13.0731
4.02965
-70.0355
-77.6945
-150.197
-49.107
-62.895
-62.895
-11.8341
27.2453
-29.4224
-35.1272
-20.0912
-30.0402
-77.056
-70.0355
-70.0355
-30.8385
-77.056
-77.6945
-77.6945
-37.5644
34.8378
-52.7955
-150.197
-11.8341
-57.721
-35.1272
-7.01764
16.0605
-11.8341
51.1774
-77.056
72.9799
-150.197
72.9799
-50.5279
-62.895
-130.825
-49.107
11.4847
-21.3618
0.297643
23.9103
-130.825
51.1694
-62.895
-49.107
75.7406
-12.5854
-11.8341
-36.9432
-35.1272
-47.3608
-84.1272
-37.2085
2.90201
77.3033
-62.895
163.068
-29.9042
-130.825
-62.895
-3.49923
27.3938
-62.895
-47.3608
-11.8341
44.6562
16.1313
-20.0912
-130.825
-12.5854
-84.1272
34.8378
-47.3608
-49.107
25.4565
-70.0355
16.0605
-30.0787
58.0089
-47.3608
-130.825
-84.1272
-11.8341
-77.6945
-17.2647
75.7406
-31.4101
-11.8341
-20.0912
51.1774
-47.3608
13.3701
-29.9042
-16.3061
75.7406
-77.6945
-77.056
15.0904
-62.895
-70.0355
-70.0355
-20.584
24.4923
-49.107
72.9799
-19.2298
-70.0355
-74.6185
-49.107
-158.92
-20.584
-150.197
19.9408
-84.1272
-49.107
89.1837
-19.5795
27.1976
89.1837
23.9103
-70.0355
-39.6672
54.4319
-11.8341
-70.0355
-11.8341
35.442
72.9799
-37.5644
-62.895
-62.895
34.8378
-62.895
-62.895
-62.895
16.0605
-62.895
-62.895
-74.2757
89.1837
-84.1272
72.9799
-74.6185
19.9408
-47.3608
-20.0912
37.3813
-49.107
-62.895
-70.0355
-20.0912
-49.107
-62.895
58.0089
-29.9042
-29.9042
72.9799
2.90201
75.7406
-52.7955
-62.895
15.5594
-62.895
-24.967
-29.9042
-57.721
-84.1272
28.5736
0.205448
2.90201
-20.0912
-19.5795
-62.895
-49.107
-74.6185
-62.895
-79.0111
-130.825
-77.6945
23.9103
-62.895
-62.895
0.297643
-70.0355
-47.3608
-47.3608
-130.825
19.9003
31.2754
44.6562
19.9408
-62.895
-19.5795
-11.8341
-50.5279
-19.5795
-62.895
41.6572
72.9799
-47.3608
22.5438
-84.1272
-11.8341
-8.81545
19.9408
-0.859481
-77.6945
-62.895
-84.1272
47.9733
-28.0333
12.4228
-35.1272
72.9799
-74.2757
-20.584
19.9408
-36.9432
-37.2085
-35.1272
-84.1272
-62.895
-49.107
-74.6185
-62.895
-62.895
-19.5795
35.442
-16.0032
-49.107
-130.825
168.709
-77.6945
-62.895
15.5594
-70.0355
37.3813
-33.0416
-84.1272
-29.9042
15.5025
-74.6185
-80.4579
-18.6336
-25.3973
-37.5644
-62.895
54.4319
-49.107
-62.895
-62.895
-20.584
-62.895
35.7646
-16.5059
166.491
-62.895
33.1164
-35.1272
-84.1272
-62.895
-29.9042
-70.0355
-74.2757
0.297643
-130.825
-10.3377
-24.967
-46.6258
-47.3608
-49.107
-130.825
-74.2757
-62.895
-84.1272
-84.1272
-25.3973
2.90201
75.7406
-77.056
-62.895
-52.7955
137.181
-62.895
16.1313
-84.1272
-52.7955
-150.197
-11.8341
-30.8385
-47.3608
-62.895
-49.107
-11.8341
-20.0912
-84.1272
-49.107
-70.0355
-77.6945
-80.4579
15.1561
-84.1272
-130.825
-50.5279
-46.6258
8.43117
-74.2757
-84.1272
44.6562
-62.895
-84.1272
-20.0912
-62.895
-39.6672
-130.825
-47.3608
-19.2298
-49.107
-84.1272
-84.1272
-15.9497
-15.0151
-62.895
-49.107
-36.9432
-36.9432
-70.0355
-37.2085
-29.9042
-36.9432
-29.9042
-35.1272
-62.895
27.3938
-36.9432
-62.895
51.1774
-11.8341
-62.895
37.3813
-84.1272
-62.895
-47.3608
21.1579
26.3473
23.9103
-12.5854
23.9103
11.4847
0.297643
-84.1272
-47.3608
-62.895
-77.6945
-62.895
-62.895
35.442
47.9733
28.0584
-150.197
-62.895
163.068
-47.3608
-84.1272
-57.721
25.4565
-74.6185
-74.6185
-62.895
5.46575
2.90201
-168.832
-62.895
-36.9432
-29.9042
-29.4224
-19.5795
-5.8268
-7.01764
-47.3608
-36.9432
41.6572
-62.895
-49.107
-70.0355
-74.2757
27.1976
27.3938
37.3813
-62.895
2.90201
27.3938
47.9733
-70.0355
-74.2757
-35.1272
-49.107
-19.5795
-19.5795
-74.2757
5.21983
-20.584
-62.895
-47.3608
-62.895
0.297643
-70.0355
-84.1272
54.4319
-49.107
-20.0912
44.6562
44.6562
-49.107
137.181
16.0605
-17.5487
-2.84696
72.9799
-49.107
-11.8341
11.4847
72.9799
-52.7955
-49.107
-30.0787
-163.729
-77.6945
-0.859481
-70.0355
-49.107
-84.1272
-163.729
72.9799
0.297643
-62.895
-36.9432
44.6562
-49.107
137.181
-49.107
23.9103
-24.3261
3.9155
-84.1272
-9.54027
-62.895
23.9103
-62.895
-10.0925
-47.3608
2.90201
-158.92
27.3938
-49.107
-70.0355
-74.2757
41.7713
17.6648
-11.8341
-29.9042
35.442
-20.584
-36.9432
-130.825
-62.895
-11.8341
25.8632
51.1774
-11.8341
-62.895
-70.0355
-20.0912
-70.0355
-62.895
21.9045
-62.895
-171.496
-70.0355
-62.895
-49.107
25.4565
72.9799
-84.1272
-62.895
-39.6672
-49.107
-20.0912
-35.1272
-62.895
-84.1272
-62.895
-163.729
-13.6812
-62.895
-49.107
-62.895
-70.0355
-29.9042
-84.1272
18.2756
-35.1272
-70.0355
-77.6945
-77.6945
0.297643
-62.895
-30.0787
-19.2298
-74.6185
-77.056
-11.8341
-62.895
171.462
-49.107
-47.3608
35.7646
-70.0355
-49.107
-150.197
44.6562
-130.825
25.8632
-19.5795
-62.895
44.6562
58.0089
-70.0355
17.5138
-52.7955
-49.107
-70.0355
-35.1272
44.6562
-130.825
-84.1272
-50.5279
-62.895
137.181
-0.859481
-130.825
2.90201
-62.895
51.1774
35.7646
-36.9432
-15.3381
-62.895
-19.5795
-79.0111
32.3929
89.1837
-49.107
-62.895
47.9733
-35.1272
-47.3608
-62.895
-62.895
-47.3608
0.205448
-62.895
23.7904
-74.6185
-10.3377
-20.584
156.775
-49.107
-70.0355
-24.967
14.339
-74.6185
23.9103
-35.1272
21.9045
-130.825
72.9799
-77.6945
-49.107
-49.107
-13.6812
47.9733
-47.3608
-77.056
0.205448
-36.9432
-62.895
-19.5795
-74.6185
-62.895
-50.5279
-13.6133
89.1837
-11.8341
-11.8341
-70.0355
-39.6672
-62.895
-62.895
15.8709
31.2754
-62.895
-62.895
-70.0355
-150.197
51.1774
27.3938
-62.895
-17.5487
20.249
-57.721
-50.5279
-79.0111
54.4319
-62.895
19.9003
-130.825
-62.895
-70.0355
-12.5854
-13.6133
-84.1272
4.02965
-62.895
-37.2085
-74.2757
-11.8341
34.8378
-2.84696
-13.6812
11.4847
-49.107
-70.0355
15.5025
-11.8341
-130.825
-31.4101
35.442
-28.0333
-29.9042
-47.3608
2.90201
-62.895
-62.895
-84.1272
-24.3261
-20.584
-79.0111
-77.6945
-29.9042
-84.1272
-20.584
137.181
-47.3608
-52.7955
-62.895
54.4319
-36.9432
-130.825
-62.895
-35.1272
-49.107
2.90201
-5.47256
-50.5279
-12.5854
-77.6945
-3.46792
-74.2757
-150.197
-19.5795
20.249
-49.107
0.297643
25.4565
89.1837
-47.3608
-2.84696
-11.8341
-47.3608
75.7406
-62.895
3.25481
-50.5279
-47.3608
54.4319
-62.895
0.297643
23.9103
-62.895
-62.895
-70.0355
-20.584
-2.84696
-70.0355
-49.107
51.1774
-62.895
-49.107
-130.825
-77.6945
-30.0787
37.3813
-130.825
-84.1272
54.4319
5.51609
-74.2757
-8.81545
-163.729
-47.3608
-77.6945
-29.9042
35.7646
-62.895
37.3813
25.8632
-62.895
-62.895
-11.8341
2.90201
-84.1272
72.9799
-50.5279
-62.895
-84.1272
51.1774
-74.2757
-158.92
-36.9432
-52.7955
-49.107
-70.0355
-84.1272
-46.6258
-47.3608
-35.1272
-22.8862
-36.9432
-70.0355
-74.2757
-9.16715
-62.895
-62.895
-13.6812
72.9799
75.7406
-62.895
-49.107
-70.0355
15.5594
-70.0355
-130.825
37.3813
-47.3608
-47.3608
-49.107
-47.3608
-21.588
-18.6336
-150.197
-47.3608
-62.895
-70.0355
-2.84696
-62.895
-62.895
-77.6945
23.9103
34.8378
-11.8341
-62.895
-36.9432
-47.3608
-150.197
-29.9042
-1.10448
-47.3608
-80.4579
2.90201
-35.1272
-20.0912
-70.0355
-46.6258
-11.8341
-70.0355
-62.895
72.9799
2.90201
19.7601
-70.0355
-35.1272
-35.1272
-36.9432
-70.0355
-70.0355
-47.3608
-13.6133
19.9408
2.90201
-70.0355
72.9799
-49.107
-36.9432
-13.6133
0.297643
4.02965
72.9799
-35.1272
34.8378
2.90201
-49.107
-62.895
-62.895
-62.895
-62.895
-62.895
-62.895
2.90201
72.9799
-25.8743
-70.0355
14.339
-62.895
44.6562
-62.895
-33.0416
-70.0355
2.90201
-49.107
-70.0355
0.297643
-62.895
-47.3608
-84.1272
-158.92
-47.3608
34.8378
-49.107
-62.895
-41.3353
-62.895
4.02965
-0.859481
-12.5854
-50.5279
-77.6945
-62.895
-62.895
-47.3608
-47.3608
-77.056
-62.895
-77.6945
-17.5487
44.6562
72.9799
-62.895
-41.3353
41.6572
19.9408
-35.1272
22.8047
-50.5279
0.297643
-70.0355
11.4144
-49.107
-36.9432
-62.895
-62.895
-62.895
19.7601
-49.107
-31.4101
-80.4579
-35.1272
-84.1272
-50.5279
44.6562
-49.107
-62.895
-28.5071
-62.895
-70.0355
-36.9432
-62.895
72.9799
-35.1272
-46.6258
-130.825
-0.374371
-49.107
-28.0333
51.1774
-49.107
-12.5854
-10.3377
35.442
-62.895
-11.8341
-24.967
-62.895
-47.3608
0.297643
72.9799
-84.1272
-62.895
-62.895
-20.584
-18.3339
-24.0131
-21.3618
-19.5795
-62.895
-49.107
-49.107
22.8047
-70.0355
-70.0355
63.9019
-62.895
-11.8341
-166.755
-70.0355
19.7601
-70.0355
-2.84696
-5.47256
-130.825
-35.1272
-47.3608
26.3473
-52.7955
-47.3608
-36.9432
-21.3618
-62.895
1.79089
27.2453
-74.6185
-62.895
-62.895
-70.0355
-150.197
-62.895
-47.3608
-130.825
-41.3353
137.181
-77.6945
-50.5279
0.297643
-19.5795
2.90201
-37.2085
-77.6945
-4.40743
-70.0355
24.4923
-47.3608
-77.6945
-11.8341
35.442
137.181
10.7228
-12.5854
-70.0355
-62.895
-150.197
26.3473
-3.08373
-77.056
5.21983
58.0089
41.7713
0.297643
-62.895
-166.755
-84.1272
8.86868
-50.5279
41.6572
-49.107
51.1694
-70.0355
47.9733
10.7228
-19.5795
89.1837
-70.0355
-49.107
14.6096
-62.895
51.1694
-150.197
0.205448
-62.895
137.181
-150.197
-70.0355
0.297643
5.21983
-22.1895
-49.107
-62.895
-13.6133
-37.2085
-62.895
-35.1272
-130.825
-74.2757
72.9799
-49.107
5.21983
51.1774
-20.0912
-37.2085
-62.895
41.6572
-19.2298
-47.3608
-80.4579
-23.5346
-62.895
-84.1272
-11.8341
21.6915
-74.2757
89.1837
-24.967
-35.1272
-47.3608
-52.7955
-20.0912
-11.8341
34.8378
-62.895
75.7406
-84.1272
51.1774
23.9103
51.1774
0.297643
-20.0912
-20.584
-62.895
-62.895
-37.2085
-57.721
-36.9432
10.7228
-30.0402
-70.0355
-11.8341
-13.6812
-29.9042
72.9799
-13.6133
-166.755
-62.895
-50.5279
-11.8341
-47.3608
74.6364
-77.056
-62.895
37.3813
-49.107
-22.8862
3.42312
-77.6945
-130.825
3.9155
22.5438
-130.825
72.9799
-84.1272
-77.056
-8.29826
-2.84696
-49.107
-62.895
-84.1272
-77.6945
19.2119
-50.5279
-70.0355
-70.0355
4.02965
-62.895
23.9103
-62.895
-36.9432
-62.895
-18.1735
-19.2298
-74.6185
-19.5795
-47.3608
-130.825
-19.0333
-150.197
23.9103
-62.895
-166.755
-74.6185
25.8632
-0.859481
5.51609
5.2777
-84.1272
72.9799
-84.1272
-84.1272
-130.825
-70.0355
-21.3618
-47.3608
-49.107
-21.9477
12.7107
-77.6945
0.15686
-62.895
-62.895
26.3892
-77.6945
2.90201
-47.3608
-57.721
-5.47256
15.5025
-36.9432
-20.0912
0.297643
-29.4224
-7.01764
-29.9042
-84.1272
20.249
-52.7955
21.6915
-62.895
-62.895
-24.967
-84.1272
-49.107
37.3813
-150.197
-15.0151
-20.0912
-39.6672
58.0089
-70.0355
-130.825
-11.8341
-70.0355
4.02965
41.7713
-37.2085
0.205448
-35.1272
51.1694
-47.3608
-50.5279
44.6562
-16.0032
0.205448
-77.6945
-50.5279
-84.1272
156.775
-62.895
-19.5795
4.02965
-7.94061
-62.895
-166.755
-84.1272
26.4994
-130.825
-11.8341
166.491
-37.5644
-0.859481
-49.107
-62.895
15.8558
-62.895
-11.8341
-11.8341
25.8632
75.7406
-62.895
19.7601
-84.1272
13.3701
3.42312
-57.721
-25.3973
-130.825
-130.825
23.9103
-2.84696
0.297643
16.0605
-47.3608
2.90201
-36.9432
-84.1272
-28.0333
-130.825
23.9103
5.21983
-77.6945
-19.5795
51.1774
-49.107
2.90201
-62.895
27.3938
-77.6945
-62.895
89.1837
-2.84696
-11.8341
-74.6185
-22.1895
-11.8341
31.7059
25.8632
-84.1272
-77.6945
-49.107
5.2777
-19.5795
-62.895
-74.6185
-62.895
-57.721
-62.895
-74.2757
-47.3608
-62.895
-11.8341
-62.895
-84.1272
-37.2085
-84.1272
21.9045
-84.1272
-47.3608
-62.895
-74.6185
-62.895
-22.7712
-21.3618
0.15686
-84.1272
32.3929
51.1774
-74.6185
-16.8732
-47.3608
-62.895
-19.5795
-77.056
51.1774
27.3938
-49.107
-33.0416
-24.967
41.7713
-49.107
-62.895
-62.895
-77.6945
-19.5795
-62.895
-47.3608
-12.5854
-70.0355
-130.825
-84.1272
-21.9477
-49.107
72.9799
-49.107
4.02965
-62.895
-77.6945
1.79089
-35.1272
-62.895
-70.0355
-35.1272
-84.1272
4.02965
13.891
-130.825
-21.588
-49.107
-62.895
-33.0416
-49.107
-10.0925
-84.1272
-50.5279
72.9799
-35.1272
-36.9432
-84.1272
19.9003
-62.895
-62.895
137.181
-49.107
15.5025
-84.1272
72.9799
-2.84696
-77.6945
-36.9432
-163.729
-49.107
-41.3353
-130.825
-130.825
54.4319
-12.5854
-74.6185
28.0584
51.1774
-62.895
-36.9432
16.0605
-70.0355
11.4847
-62.895
-62.895
-74.6185
-49.107
-62.895
-11.8341
-84.1272
5.51609
-77.6945
-8.81545
-31.4101
63.9019
-24.3261
-77.056
-84.1272
-62.895
-11.8341
54.4319
19.7601
5.21983
-47.3608
-70.0355
-62.895
-77.6945
51.1694
-49.107
-62.895
-80.4579
-150.197
89.1837
-50.5279
-62.895
-35.1272
-19.5795
10.4589
11.4144
-70.0355
-5.47256
-62.895
23.9103
-36.9432
-19.2298
89.1837
2.90201
-70.0355
89.1837
-77.056
35.442
-47.3608
1.79089
-14.5312
-150.197
-84.1272
0.205448
-47.3608
-158.92
-47.3608
-84.1272
-24.3261
-11.8341
-14.9388
-74.6185
-62.895
-35.1272
-39.6672
27.3938
-24.3261
-77.6945
51.1774
-77.6945
-37.2085
-29.9042
-11.8341
-84.1272
-47.3608
-62.895
-84.1272
-46.6258
-35.1272
-49.107
-62.895
-12.5854
-62.895
-57.721
-57.721
-30.0402
-150.197
-74.2757
4.02965
34.8378
11.4847
-41.3353
75.7406
-50.5279
-24.0131
-3.29489
-47.3608
4.02965
-62.895
25.4565
-47.3608
72.9799
-150.197
-70.0355
-130.825
72.9799
-31.4101
-29.9042
-158.92
-62.895
72.9799
-16.5059
-130.825
-36.9432
41.6572
23.9103
89.1837
-62.895
-62.895
-77.6945
-47.3608
-62.895
51.1774
34.8378
51.1694
-74.6185
25.8632
-74.2757
28.0584
-11.8341
137.181
-19.3516
-50.5279
31.2754
-62.895
26.3892
-163.729
-21.588
-47.3608
-62.895
-62.895
-15.9497
-7.01764
-62.895
4.02965
27.3938
137.181
-50.5279
4.02965
-52.7955
-49.107
-62.895
51.1694
-130.825
-70.0355
5.2777
-70.0355
27.1976
-49.107
-37.878
-70.0355
5.21983
23.9103
-49.107
-47.3608
-35.1272
75.7406
-130.825
-11.8341
75.7406
35.7646
-84.1272
-130.825
-130.825
-19.5795
-46.6258
-84.1272
-11.8341
37.3813
-19.5795
-11.8341
-79.0111
-62.895
75.7406
-158.92
-62.895
21.6915
-70.0355
-62.895
27.3938
-62.895
27.2453
137.181
-49.107
-84.1272
-52.7955
-21.588
-130.825
-62.895
-11.8341
-62.895
-62.895
-62.895
163.068
-33.0416
-39.6672
-37.5644
-158.92
34.8378
-47.3608
-84.1272
-35.1272
89.1837
-0.239301
-81.5705
41.7713
-70.0355
-37.2085
-22.215
-70.0355
41.7713
10.7228
4.02965
11.4847
4.02965
-70.0355
27.3938
-70.0355
44.6562
44.6562
37.3813
32.3929
-35.1272
51.1774
-24.3261
41.6572
-52.7955
-130.825
-74.2757
58.0089
-35.1272
25.8632
41.7713
26.3473
-35.1272
-11.8341
-70.0355
-62.895
27.3938
-62.895
-49.107
-74.6185
-62.895
-47.3608
23.9103
-47.3608
9.74895
-70.0355
-11.8341
-36.9432
-62.895
-84.1272
-74.2757
72.9799
-150.197
-19.3186
-1.23544
-62.895
-70.0355
-8.81545
31.2754
-62.895
-19.5795
4.02965
-36.9432
-77.6945
-70.0355
-6.5215
0.297643
-62.895
-11.8341
-5.47256
-37.2085
-84.1272
-62.895
25.8632
18.525
-12.5854
-130.825
-47.3608
-62.895
-11.8341
19.7601
34.8378
-49.107
-62.895
-77.6945
-62.895
-77.6945
-30.0787
-62.895
-0.859481
-24.967
-52.7955
75.7406
-30.0402
-62.895
-20.733
41.6572
19.7601
-5.47256
-35.1272
-84.1272
-19.5795
-74.2757
-33.0416
-62.895
-74.6185
-84.1272
0.297643
-74.6185
-41.3353
-28.5071
-62.895
-62.895
-47.3608
-35.1272
-20.0912
28.0584
-13.0731
-62.895
-62.895
-70.0355
2.00659
-47.3608
-70.0355
37.3813
-79.0111
-74.2757
-20.0912
-166.755
41.7713
-77.6945
-62.895
35.442
13.7733
19.7601
89.1837
-77.6945
-49.107
-77.6945
-47.3608
-62.895
-47.3608
-74.2757
23.9103
4.02965
-130.825
-62.895
27.1976
-2.84696
-49.107
-49.107
-20.0912
44.6562
-84.1272
-20.0912
-84.1272
-77.6945
0.297643
-25.8743
-74.2757
0.297643
0.297643
5.21983
-150.197
19.7601
35.442
-47.3608
-11.8341
-4.9806
23.9103
-62.895
-36.9432
5.21983
-11.8341
-84.1272
-74.6185
-62.895
2.90201
-62.895
2.90201
-62.895
-11.8341
-62.895
-84.1272
-150.197
-49.107
-13.6812
-84.1272
-1.81514
137.181
23.9103
-62.895
-49.107
-12.5854
11.4144
63.9019
-20.0912
16.1313
89.1837
89.1837
-62.895
1.79089
-62.895
-35.1272
-62.895
-15.9497
-70.0355
-47.3608
-47.3608
26.3473
-9.16715
-49.107
-8.81545
-36.9432
-150.197
-166.755
-49.107
-35.1272
-70.0355
-41.3353
31.7059
-50.5279
-77.6945
31.7059
10.7228
-74.2757
0.297643
72.9799
-7.01764
-49.107
-62.895
-20.0912
-23.5346
-49.107
-49.107
-12.5854
70.6051
23.9103
75.7406
58.0089
-36.9432
-20.584
26.3473
-74.6185
-62.895
-2.84696
-24.3261
-8.81545
-74.6185
19.9408
27.1976
51.1774
-62.895
-2.84696
-84.1272
-84.1272
-62.895
-70.0355
-70.0355
-35.1272
-77.6945
-130.825
24.4923
-77.6945
-62.895
25.8632
-12.3662
-47.3608
-35.1272
41.6572
-77.056
-62.895
-70.0355
-84.1272
-62.895
72.9799
-19.5795
31.7059
28.5736
-47.3608
-25.8917
-62.895
72.9799
5.51609
-62.895
-50.5279
-170.345
-28.5071
-47.3608
-70.0355
75.7406
-70.0355
-84.1272
35.442
6.71312
-47.3608
-62.895
-29.9042
-29.4224
2.90201
51.1694
-35.1272
-30.0402
-84.1272
-70.0355
-77.056
-49.107
79.1907
-25.8917
54.4319
4.02965
163.068
0.297643
28.0584
-158.92
41.7713
-62.895
11.4847
-62.895
-84.1272
-50.5279
-11.8341
-52.7955
-158.92
-77.6945
-11.8341
-22.8862
22.3445
35.442
-35.1272
11.4144
-62.895
-24.0131
-62.895
-77.6945
-5.47256
89.1837
-20.0912
-19.5795
-49.107
51.1774
33.1164
2.90201
21.6915
-6.54477
-84.1272
-2.03806
-62.895
-17.5487
28.0584
-47.3608
-29.9042
27.3938
-46.6258
72.9799
-70.0355
89.1837
-62.895
44.6562
89.1837
72.9799
0.297643
-62.895
-84.1272
-36.9432
-62.895
-47.3608
-84.1272
-3.45922
13.3701
-47.3608
-70.0355
-11.8341
-47.3608
-49.107
35.7646
-11.8341
58.0089
-77.6945
-35.1272
-49.107
47.9733
-130.825
41.7713
0.15686
-62.895
-62.895
-47.3608
75.7406
0.297643
-11.8341
27.1976
2.90201
-47.3608
-50.5279
-37.2085
51.1774
-13.4153
35.7646
-70.0355
0.297643
-31.4101
-8.81545
-70.0355
-47.3608
-158.92
-1.23544
51.1774
-62.895
72.9799
-20.0912
54.4319
-150.197
-74.2757
41.7713
-35.1272
-70.0355
21.6915
-11.8341
-70.0355
-49.107
-70.0355
-62.895
47.9733
-46.6258
-62.895
-62.895
-49.107
-49.107
-5.8268
-130.825
-62.895
-62.895
-84.1272
-70.0355
-70.0355
-57.721
-77.6945
-70.0355
-130.825
-158.92
-62.895
35.442
-84.1272
0.297643
63.9019
19.7601
-47.3608
-36.9432
-41.3353
89.1837
-37.2085
-70.0355
-62.895
-62.895
-130.825
-47.3608
-62.895
-49.107
-77.056
-70.0355
51.1774
11.4847
25.8632
72.9799
1.79089
19.7601
-0.859481
-24.967
-19.2298
-41.3353
-49.107
-8.81545
1.79089
-150.197
51.1774
-35.1272
-49.107
-29.9042
-35.1272
-35.1272
75.7406
-70.0355
75.7406
72.9799
58.0089
-80.4579
-8.81545
-19.2298
-12.5854
-13.6133
-77.6945
-35.1272
-62.895
-70.0355
72.9799
-70.0355
25.8632
-130.825
51.1694
22.8047
72.9799
-11.8341
-15.677
-33.0416
-158.92
-11.8341
-47.3608
-150.197
-74.2757
51.1774
-11.8341
-50.5279
16.0605
-49.107
137.181
-35.1272
89.1837
-49.107
5.21983
89.1837
-47.3608
-52.7955
-62.895
-2.84696
-70.0355
-77.6945
89.1837
-49.107
-74.2757
89.1837
-84.1272
19.7601
-150.197
-62.895
-130.825
-35.1272
-84.1272
-19.2298
-46.6258
-62.895
-62.895
-13.6133
-47.3608
-5.47256
-130.825
-62.895
89.1837
72.9799
51.1694
-20.584
72.9799
23.0426
15.1561
-62.895
-35.1272
-11.8341
-70.0355
-11.3137
-9.16715
-70.0355
-29.4224
-47.3608
-62.895
-62.895
-37.2085
-49.107
51.1774
-74.6185
-0.859481
72.9799
-62.895
-41.3353
-36.9432
-35.1272
-49.107
-130.825
-62.895
-39.6672
-77.6945
-70.0355
-49.107
-70.0355
-62.895
-70.0355
-11.8341
-84.1272
89.1837
-74.6185
-47.3608
24.4923
-49.107
-150.197
-84.1272
-29.9042
-77.056
-52.7955
89.1837
-150.197
-57.721
-37.2085
-74.2757
-62.895
-84.1272
-49.107
5.46575
-39.6672
-36.9432
41.6572
-19.5795
-36.9432
-62.895
58.0089
27.1976
-37.2085
-62.895
54.4319
-62.895
-130.825
2.90201
-25.8743
-24.967
-35.1272
-62.895
-5.8268
-46.6258
-19.5795
-49.107
-36.9432
163.068
33.1164
-19.5795
-77.056
-47.3608
-62.895
-35.1272
-47.3608
-47.3608
-33.0416
-74.6185
-11.8341
-62.895
54.4319
-150.197
-47.3608
0.297643
21.6915
72.9799
-62.895
-37.2085
-17.5487
51.1774
70.6051
-62.895
-62.895
-49.107
-77.6945
-70.0355
-62.895
72.9799
-62.895
137.181
3.05074
-36.9432
-77.6945
17.6853
54.4319
51.1774
-28.5071
-49.107
-62.895
3.25481
23.9103
0.297643
79.1907
47.9733
-19.5795
-31.4101
-50.5279
-62.895
-74.2757
-13.0731
-3.45922
-70.0355
-70.0355
72.9799
-70.0355
72.9799
75.7406
-77.6945
-41.3353
-77.056
-5.8268
-47.3608
72.9799
-30.0402
-24.3261
-14.5885
-57.721
-36.9432
-77.6945
-19.5795
-2.84696
-74.2757
-19.5795
-163.729
-77.6945
-24.3261
-29.4224
-36.9432
-74.6185
23.9103
25.8632
-70.0355
-31.4101
18.3974
-84.1272
35.442
-84.1272
-49.107
21.9045
170.283
28.5736
-19.2298
-47.3608
-62.895
-36.9432
28.0584
-21.588
-77.6945
-62.895
-36.9432
-77.6945
-150.197
-57.721
-62.895
-5.47256
-57.721
-62.895
-8.81545
-47.3608
-62.895
-62.895
89.1837
-29.9042
-49.107
-28.5071
-62.895
-20.0912
-11.8341
5.2777
-70.0355
-84.1272
137.181
-46.6258
-24.3261
-130.825
-47.3608
0.297643
58.0089
17.7474
-163.729
-84.1272
34.8378
4.02965
-35.1272
0.297643
-11.8341
0.205448
-50.5279
-25.8917
35.442
63.9019
-46.6258
-9.92364
-41.3353
58.0089
-2.03806
-49.107
-70.0355
-62.895
-62.895
-70.0355
27.2453
-84.1272
19.9167
-62.895
-0.859481
-62.895
-150.197
-29.4224
-8.81545
89.1837
-84.1272
72.9799
-62.895
-22.8862
-84.1272
1.79089
-2.84696
-62.895
-47.3608
75.7406
-62.895
89.1837
-0.859481
-3.45922
-19.5795
-77.056
-74.2757
-74.6185
35.442
-150.197
16.1313
-19.2298
89.1837
-70.0355
-70.0355
-8.81545
-2.84696
21.1579
-62.895
26.3892
-50.5279
-70.0355
-77.6945
-84.1272
0.297643
-62.895
51.1774
-49.107
-11.8341
-37.5644
-47.3608
75.7406
-24.967
25.8632
-62.895
35.442
-18.0639
-39.6672
51.1774
-28.0333
-33.0416
26.3892
-36.9432
22.3445
-50.5279
-0.859481
-84.1272
-25.8917
-11.8341
-19.5759
-37.2085
-84.1272
89.1837
25.8632
-70.0355
-0.859481
-49.107
-62.895
75.7406
31.2754
-11.8341
27.3938
-8.81545
-47.3608
-62.895
-77.6945
-36.9432
72.9799
-84.1272
-17.2647
-20.3971
-47.3608
47.9733
54.4319
51.1774
-84.1272
-62.895
-2.84696
75.7406
-62.895
-19.5795
0.297643
-11.8341
31.7059
0.297643
-47.3608
-130.825
72.9799
5.21983
13.3701
-35.1272
51.1774
-29.9042
-13.6812
-70.0355
-29.9042
-57.721
-70.0355
-36.9432
-62.895
-74.6185
-22.215
19.9408
16.1313
-21.9477
-50.5279
17.7474
-47.3608
-77.6945
-13.6133
-62.895
22.8047
-35.1272
-62.895
-47.3608
-47.3608
-70.0355
137.181
75.7406
-31.4101
-11.8341
-11.8341
-62.895
-84.1272
41.7713
-52.7955
-70.0355
-62.895
-49.107
-47.3608
-150.197
-37.5644
-77.6945
-77.6945
-163.729
-74.2757
-70.0355
26.3473
26.4994
-84.1272
-19.5795
-84.1272
-37.2085
-24.967
-50.5279
-77.056
-62.895
-62.895
-79.0111
-35.1272
-62.895
-24.967
-46.6258
-70.0355
54.4319
-25.3973
-19.5759
0.205448
-84.1272
72.9799
2.62253
-13.6812
18.3974
-77.6945
137.181
23.9103
24.6752
-130.825
-20.0912
0.297643
-84.1272
4.02965
63.9019
24.4923
54.4319
19.7601
-47.3608
35.442
-74.2757
-62.895
-47.3608
17.6648
-47.3608
-130.825
-11.8341
-62.895
-11.8341
-47.3608
-13.6812
35.7646
15.8558
-130.825
-62.895
44.6562
44.6562
-74.2757
-20.5701
-77.056
35.7646
0.297643
-130.825
5.99695
-62.895
31.2754
-41.3353
-36.9432
19.9167
-49.107
-130.825
22.3445
2.90201
5.21983
-50.5279
72.9799
-20.5701
-57.721
-70.0355
72.9799
72.9799
-36.9432
-46.6258
-77.6945
-11.8341
-49.107
-150.197
-158.92
44.6562
54.4319
-150.197
-47.3608
-35.1272
-57.721
-29.9042
-62.895
-62.895
-62.895
-62.895
-5.79145
3.25481
27.2453
-31.4101
-37.2085
-62.895
-11.8341
27.3938
-47.3608
-35.1272
23.9103
51.1774
-49.107
-70.0355
-62.895
44.6562
-47.3608
2.90201
-70.0355
-62.895
156.775
-50.5279
-20.733
1.79089
34.8378
-130.825
-35.1272
-84.1272
-77.056
-57.721
-12.5854
-62.895
-20.584
2.90201
-150.197
-36.9432
33.1164
-37.5644
-158.92
5.46575
58.0089
-36.9432
75.7406
34.8378
-20.584
-150.197
51.1774
5.21983
-74.2757
-50.5279
-62.895
-49.107
-62.895
-62.895
-84.1272
-7.01764
-37.878
4.02965
27.1976
-130.825
72.9799
-49.107
25.4565
-84.1272
-62.895
5.21983
-47.3608
-62.895
-77.6945
-62.895
-130.825
1.79089
-28.5071
-62.895
-30.0787
-49.107
-70.0355
-47.3608
-74.2757
19.7601
-150.197
2.90201
-39.6672
75.7406
-130.825
25.8632
-62.895
72.9799
-47.3608
-20.584
0.205448
0.297643
-130.825
-74.6185
-50.5279
-62.895
-52.7955
-166.755
-62.895
26.3892
-57.721
-70.0355
51.1774
-13.6812
35.7646
-62.895
-166.755
51.1774
-70.0355
-8.81545
-150.197
-84.1272
-36.9432
-28.0333
137.181
-17.5487
-74.6185
163.068
18.3974
-47.3608
28.0584
-62.895
0.15686
-36.9432
-19.5795
-20.733
-50.5279
-62.895
-57.721
-11.8341
-28.0333
-47.3608
-50.5279
-77.6945
72.9799
-57.721
-62.895
-50.5279
-62.895
17.6853
41.7713
-62.895
-70.0355
-11.8341
-62.895
-84.1272
-84.1272
-62.895
51.1774
-62.895
-70.0355
-163.729
-62.895
-62.895
-62.895
-62.895
-20.0912
4.02965
13.3701
-62.895
-84.1272
-47.3608
32.3929
-77.056
-62.895
28.0584
22.2415
-30.8385
156.775
-84.1272
-62.895
-62.895
-13.6812
-84.1272
-11.8341
-77.056
-11.8341
-84.1272
-46.6258
23.9103
-20.0912
-62.895
26.4994
-70.0355
-84.1272
-50.5279
-130.825
-62.895
-84.1272
-130.825
-77.6945
27.2453
-130.825
-62.895
-49.107
-84.1272
-13.6812
44.6562
-62.895
-49.107
-77.6945
-35.1272
-74.6185
-46.6258
-52.7955
-62.895
-77.6945
0.205448
-77.6945
-49.107
-22.215
-62.895
72.9799
-20.0912
