13.3939
11.1516
7.10087
-5.16934
14.679
9.18505
3.10269
7.10087
18.9372
-19.2254
0.267314
7.03399
14.7646
9.44099
-10.3213
0.172524
18.9372
19.4027
17.174
21.2934
7.36935
8.35973
21.2934
18.9372
9.44099
17.174
-17.7311
8.3375
21.2934
-13.4539
-13.4539
7.03399
7.03399
19.4027
17.174
13.6618
17.3918
17.3918
21.2934
17.658
11.1516
8.45013
-13.3716
-4.6001
6.13729
21.2934
4.26234
21.2934
21.2934
-2.93723
21.2934
7.10087
0.410849
-2.01311
7.10087
11.1516
10.2369
17.174
-2.01311
11.1516
-5.95314
14.7646
-14.8229
14.1529
19.4027
21.2934
21.2934
7.1574
-13.4539
5.90937
0.410849
2.98411
21.2934
16.3048
11.1516
0.434902
-0.44839
14.1529
19.4027
-4.46532
14.1529
13.5541
7.10087
-10.3213
0.471763
10.0508
13.5541
3.10269
-13.1359
9.61465
14.8895
21.2934
-6.98169
17.174
14.1529
7.10087
10.7362
-19.5632
14.679
12.1359
-6.55033
21.2934
14.679
-16.4581
7.10087
21.2934
-13.4539
15.3479
21.2934
21.2934
14.8895
-14.8229
12.1359
18.9372
9.18505
0.410849
4.09955
11.1516
11.1516
3.10269
11.6154
-2.05919
21.2934
19.4027
17.174
17.174
16.3048
1.69034
14.1529
9.18505
17.174
21.2934
18.9372
21.2934
0.0411518
11.675
8.3375
-4.6001
11.9348
14.679
0.410849
1.48986
7.10087
14.1529
8.01075
7.36935
18.9372
-16.4581
16.139
-5.95314
8.25148
4.09955
9.18505
7.10087
-3.90795
8.45013
14.679
0.410849
17.3918
7.15365
-13.4539
-13.1359
21.2934
-8.46141
14.8895
0.799751
9.18505
-5.31237
19.4027
-2.01311
8.9651
-16.9878
14.1529
13.6618
21.2934
13.3939
-13.6587
17.174
0.410849
13.3803
21.2934
4.09955
7.10087
13.3803
0.410849
14.0194
-12.7343
7.10087
21.2934
18.9372
9.47875
14.679
4.09955
4.09955
8.3375
10.0405
0.410849
17.174
14.7646
7.10087
19.4027
4.09955
11.9348
-6.2013
11.1516
9.47875
19.4027
6.11486
9.44099
21.2934
19.4027
9.84092
17.174
21.2934
19.4027
21.2934
17.174
0.0411518
21.2934
10.9759
18.9372
21.2934
3.56441
10.856
-2.01422
19.4027
-4.6001
19.4027
21.2934
-2.64022
17.174
2.12468
21.2934
-4.6001
17.174
-4.6001
4.09955
14.1529
13.5541
17.3918
-2.93723
18.9372
13.5541
17.3918
11.1516
0.410849
-12.7343
-4.6001
16.139
11.9348
-14.8229
17.174
0.410849
-12.7343
-14.8229
-19.2254
-7.81766
17.174
11.1516
19.4027
11.7761
8.97292
19.4027
-2.01422
-3.2527
-6.32416
17.658
21.2934
13.6618
3.10269
7.10087
21.2934
-18.6391
3.10269
7.10087
17.174
0.434902
0.410849
11.9139
17.174
11.1516
21.2934
7.10087
14.1529
18.9372
6.57822
14.679
17.174
11.1516
2.08272
7.10087
7.10087
18.9372
-5.95314
21.2934
7.10087
-2.01422
4.09955
19.4027
3.46842
-6.98169
7.10087
10.856
13.6618
7.92001
14.7646
7.10087
21.2934
14.1529
5.52097
21.2934
16.3048
14.8895
8.97292
0.434902
11.1516
-4.6001
7.10087
14.8895
11.1516
0.267314
18.9372
7.10087
17.658
-12.7062
0.410849
14.7646
21.2934
-4.6001
18.9372
10.7362
5.88006
21.2934
11.675
-10.7434
21.2934
17.3918
11.6154
4.16156
8.56011
11.1516
19.4027
9.44099
14.679
2.08272
17.658
7.92001
19.4027
14.7646
16.3048
16.3048
6.4296
19.4027
11.1516
3.61081
0.0411518
19.4027
21.2934
-9.95734
18.9372
-9.20957
21.2934
8.97292
14.7646
21.2934
9.18505
-15.8711
21.2934
9.44099
7.10087
-9.11058
16.3048
-14.617
21.2934
-5.16934
-5.16934
0.410849
8.97292
17.174
10.7362
7.03399
13.2902
18.9372
4.09955
14.7646
11.7761
18.9372
21.2934
21.2934
21.2934
7.10087
0.172524
21.2934
7.10087
0.434902
19.4027
8.45013
-5.95314
21.2934
16.3048
-12.0655
21.2934
10.184
9.44099
14.1529
0.410849
5.57708
21.2934
-10.9738
9.44099
-6.32416
21.2934
8.25148
-5.95314
14.0194
14.679
14.679
16.139
14.7646
-4.46532
9.84092
3.64817
8.97292
0.410849
11.1516
-13.3716
9.18505
17.3918
7.10087
11.1516
21.2934
21.2934
-14.617
19.4027
-19.2254
17.3918
-14.2235
19.4027
5.57708
-7.56234
-12.7343
17.174
17.658
21.2934
7.10087
17.3918
-13.4539
-5.95314
14.7646
11.6733
0.0411518
11.1516
21.2934
0.434902
-13.4539
10.7362
21.2934
17.174
-14.617
-4.6001
14.1529
7.10087
17.174
19.4027
21.2934
21.2934
0.434902
14.7646
21.2934
19.4027
-6.62777
21.2934
0.434902
0.410849
1.69034
15.732
4.16156
10.7362
17.3918
7.03399
18.9372
4.09955
1.69034
0.434902
9.44099
21.2934
17.174
-0.0418325
-12.7343
21.2934
8.97292
0.799751
9.18505
7.10087
21.2934
8.3375
-13.3716
19.4027
8.97292
6.75537
7.10087
4.09955
-2.01311
18.9372
-3.67551
21.2934
-13.4539
21.2934
10.2369
19.4027
0.410849
13.2902
0.410849
4.14478
21.2934
17.658
16.3048
18.9372
21.2934
10.7362
19.4027
7.10087
-6.32416
7.10087
13.7602
14.7646
18.9372
9.18505
-8.78676
18.9372
7.03399
21.2934
17.174
21.2934
17.658
-11.3373
11.1516
11.1516
11.1516
-18.6391
0.410849
19.4027
13.6618
18.9372
-14.8229
0.434902
13.5541
10.0292
18.9372
17.174
-0.901136
17.174
10.0292
-0.0418325
11.9139
11.3777
15.3479
17.174
21.2934
18.9372
1.69034
16.3048
11.7761
11.3777
19.4027
21.2934
13.7602
9.18505
16.3048
-2.60993
9.84092
7.10087
-14.8229
8.97292
14.1529
4.56532
15.732
-4.6001
21.2934
7.10087
11.1516
17.3918
21.2934
-10.8401
17.174
19.4027
21.2934
21.2934
21.2934
21.2934
7.36935
6.66098
19.4027
7.10087
21.2934
18.9372
11.1516
-14.8229
15.732
21.2934
6.4296
-2.01422
17.174
7.10087
-11.3373
3.10269
21.2934
7.10087
8.34745
14.7646
19.4027
14.1529
9.47875
0.0411518
-10.0965
11.1516
-13.3716
0.267314
21.2934
15.3479
17.174
21.2934
-9.11058
-16.4581
21.2934
0.410849
9.33112
-2.01311
-13.7651
16.139
11.6733
4.16156
10.9591
21.2934
-10.8401
7.10087
19.4027
11.6154
14.1529
11.1516
-5.95314
7.10087
0.410849
21.2934
11.1516
18.9372
7.10087
13.3803
9.47875
-9.11058
0.410849
9.44099
4.26234
0.410849
-13.4539
11.9139
-4.6001
19.4027
-3.09717
11.1516
11.1516
17.174
18.9372
-13.4539
21.2934
14.1529
19.4027
9.47875
7.10087
17.174
9.44099
17.174
21.2934
7.92446
9.44099
19.4027
14.7646
-14.617
11.1516
14.679
-13.4539
17.3918
0.0411518
21.2934
4.09955
0.434902
0.410849
-13.4539
21.2934
17.174
17.174
14.1529
17.174
-14.8229
18.9372
18.9372
21.2934
11.1516
21.2934
7.10087
-17.7311
-9.11058
-13.3716
8.97292
9.84092
-5.16934
17.3918
-19.5632
-9.11058
-4.6001
-0.0418325
0.410849
3.10269
17.174
0.267314
10.0292
0.410849
-2.60993
16.3048
7.10087
21.2934
21.2934
8.3375
21.2934
21.2934
-19.5632
7.10087
14.679
18.9372
21.2934
7.92446
17.174
13.6618
13.3939
17.3918
7.10087
-12.0655
19.4027
-4.6001
16.3048
21.2934
14.679
0.410849
-12.7343
12.2568
21.2934
0.410849
4.09955
6.4296
14.1529
-5.16934
21.2934
13.7602
14.1529
11.1516
7.10087
21.2934
19.4027
9.44099
14.7646
17.3918
21.2934
11.1516
9.44099
16.139
9.44099
17.3918
0.410849
14.7646
-13.4539
7.10087
-19.5632
13.7602
16.139
-4.6001
21.2934
10.2369
19.4027
18.9372
19.4027
19.4027
0.434902
17.174
13.7602
11.1516
14.1529
12.1359
7.10087
17.658
17.3918
-12.7343
18.9372
21.2934
-6.2013
-6.55033
-5.95314
10.7014
7.03399
21.2934
-12.7343
-5.16934
-6.32416
11.1516
14.7646
21.2934
0.0411518
14.0194
14.7646
-6.42793
17.174
-2.01311
17.174
-6.32416
4.56532
16.139
16.3048
11.1516
-13.4539
9.18505
19.4027
-12.0655
11.7761
18.9372
-4.6001
11.7761
11.1516
2.08272
14.1529
11.1516
14.679
17.3918
21.2934
14.7646
8.10372
18.9372
21.2934
4.14478
14.7646
-5.16934
9.18505
21.2934
8.10372
8.97292
21.2934
1.48986
19.4027
17.174
-1.76856
21.2934
21.2934
-9.11058
-6.32416
0.0411518
13.5541
9.18505
21.2934
9.18505
8.97292
-13.9731
17.174
21.2934
10.856
-4.6001
-14.8229
0.410849
21.2934
4.39226
-14.8229
7.10087
19.4027
7.10087
17.174
18.9372
7.36935
14.8895
14.0194
-5.16934
9.47875
-7.54919
-2.01311
17.174
2.14066
9.44099
4.09955
9.44099
-10.0965
-10.9855
-14.6353
-9.95734
17.174
1.17512
-8.04041
-19.5632
21.2934
7.10087
17.174
21.2934
17.174
-5.95314
9.18505
16.3048
-13.4539
21.2934
-6.32416
15.732
-19.2254
0.410849
-0.573826
14.7646
0.410849
18.9372
10.0292
11.1516
-12.2737
3.56441
13.5541
0.803364
-5.16934
21.2934
21.2934
-14.8229
13.2902
-13.4539
21.2934
10.7362
21.2934
14.1529
8.3375
11.1516
-10.9738
11.1516
13.3939
-14.6353
4.09955
9.44099
-13.4539
18.9372
7.10087
9.44099
17.174
7.10087
21.2934
15.3479
7.10087
12.1359
7.10087
-2.01311
19.4027
21.2934
13.5541
14.679
21.2934
21.2934
16.139
-14.8229
10.2369
-8.49945
19.4027
9.18505
10.856
16.3048
18.9372
14.679
21.2934
11.7761
0.267314
21.2934
0.410849
-6.32416
-4.6001
3.10269
18.9372
16.3048
19.4027
11.1516
17.174
8.01075
7.10087
7.10087
8.97292
21.2934
7.10087
0.410849
9.33112
19.4027
16.139
7.1582
7.10087
11.7761
-17.7311
16.3048
7.10087
14.7646
-4.6001
7.10087
9.01886
21.2934
4.09955
-14.6353
-2.01311
-6.55033
-12.0655
14.1529
4.26234
21.2934
14.1529
21.2934
9.18505
9.33112
-16.9878
-7.56234
14.679
7.10087
19.4027
9.18505
14.7646
14.8895
0.410849
-4.6001
11.1516
0.0411518
-19.5632
-2.01311
19.4027
-13.4539
11.675
-12.7343
8.97292
21.2934
21.2934
11.6733
-16.4581
14.7646
18.9372
-2.01422
19.4027
9.44099
-12.7343
17.658
9.44099
21.2934
17.174
16.139
-13.1359
21.2934
19.4027
21.2934
0.434902
0.410849
0.410849
4.35586
-13.7651
7.92446
21.2934
15.3479
-3.2527
11.6154
7.10087
21.2934
6.75276
14.7646
0.172524
17.174
11.9139
14.7646
21.2934
21.2934
8.3375
11.1516
11.9348
14.7646
1.69034
21.2934
18.9372
7.10087
0.410849
0.434902
14.1529
21.2934
17.174
13.7602
17.174
9.44099
11.1516
21.2934
-3.09717
-4.6001
0.0411518
19.4027
21.2934
19.4027
0.267314
17.174
11.1516
15.732
-13.4539
0.267314
21.2934
-14.617
-5.16934
3.56441
0.434902
16.3048
14.7646
11.3777
-5.16934
9.44099
21.2934
21.2934
-12.7343
0.410849
3.10269
21.2934
10.0199
14.1529
-5.16934
14.7646
1.38279
9.44099
7.10087
-5.16934
7.92446
-6.2013
-5.64088
9.44099
9.44099
7.10087
19.4027
11.1516
11.7761
9.44099
14.7646
-0.715706
14.1529
21.2934
-9.95734
2.91286
-10.9147
4.14478
21.2934
8.9651
14.7646
13.6618
21.2934
21.2934
0.799751
8.01075
17.658
4.39226
18.9372
9.18505
14.1529
7.10087
19.4027
7.10087
11.1516
14.8895
4.14478
15.3479
7.75036
14.7646
11.7761
-12.2737
13.5541
17.3918
9.44099
13.6618
17.658
-5.95314
7.10087
21.2934
17.174
-16.4581
6.57822
15.732
9.44099
-10.8401
18.9372
8.97292
11.1516
8.35973
11.1516
4.09955
19.4027
-10.8401
17.174
11.1516
14.1529
21.2934
9.44099
19.4027
14.1529
17.174
-10.5683
17.174
16.3048
11.1516
21.2934
18.9372
0.410849
2.14066
3.56441
21.2934
-2.01422
-2.01311
8.3375
21.2934
0.434902
-13.7651
17.658
17.174
-13.4539
-2.64022
16.139
14.679
19.4027
17.174
21.2934
14.679
5.52097
0.434902
-14.8229
-19.2254
-5.31237
14.1529
0.410849
13.6618
19.4027
17.174
0.0411518
14.679
21.2934
-1.31636
11.7761
17.3918
21.2934
10.7362
21.2934
11.6733
19.4027
-12.0655
18.9372
11.7761
21.2934
21.2934
19.4027
7.75036
11.9348
-5.16934
14.679
19.4027
-6.55033
9.18505
17.174
4.09955
-12.5248
19.4027
19.4027
-6.32416
4.09955
21.2934
21.2934
14.0194
16.3048
-6.64283
19.4027
11.1516
8.10372
18.9372
17.174
21.2934
21.2934
11.1516
11.1516
-5.16934
-9.11058
-6.2013
12.1359
17.174
21.2934
17.174
0.434902
1.48986
4.39226
19.4027
21.2934
17.174
7.1582
-2.01311
19.4027
17.3918
5.90937
-3.25247
18.9372
21.2934
15.732
8.01075
-16.4581
19.4027
-19.2254
0.410849
17.3918
14.7646
-12.0655
4.16156
3.10269
8.97292
-13.7651
10.2369
10.2369
11.3777
-13.3716
8.97292
10.9759
14.679
21.2934
9.44099
18.9372
9.44099
11.1516
14.679
21.2934
19.4027
13.3939
11.1516
21.2934
14.679
19.4027
11.7761
3.96587
-6.2013
0.434902
3.10269
3.10269
19.4027
0.410849
18.9372
14.679
16.139
10.856
-2.01311
11.1516
21.2934
-14.8229
13.5541
21.2934
-16.6897
7.10087
21.2934
17.3918
-15.8711
0.803364
1.10959
-4.46532
10.856
21.2934
11.1516
-5.95314
11.3777
7.10087
17.174
-2.60993
-5.16934
19.4027
7.10087
-4.6001
14.1529
9.18505
7.10087
0.410849
21.2934
21.2934
-13.4539
19.4027
11.7761
17.658
19.4027
-5.95314
-5.95314
-2.01422
-13.4539
-4.6001
-5.16934
0.410849
21.2934
-5.16934
14.7646
17.174
21.2934
11.1516
13.3939
21.2934
-5.16934
11.675
-2.01422
21.2934
16.139
2.08272
-2.35918
21.2934
17.3918
8.35973
14.7646
7.12961
7.10087
4.14478
-2.01422
17.3918
-0.0529352
3.10269
8.97292
19.4027
17.174
14.7646
7.36935
17.3918
-15.8711
17.658
14.1529
17.3918
17.3918
-16.6897
7.03399
21.2934
19.4027
14.679
16.139
0.686653
8.97292
15.732
0.410849
0.0411518
21.2934
21.2934
-5.16934
13.6618
11.7761
9.44099
7.10087
21.2934
0.0411518
3.10269
21.2934
21.2934
21.2934
21.2934
7.10087
9.84092
15.732
-13.3716
11.6154
-6.64283
15.732
-13.4539
8.01075
-2.01422
21.2934
19.4027
-4.6001
9.84092
15.732
21.2934
11.1516
4.09955
9.44099
-1.02247
8.97292
14.679
0.434902
11.1516
0.0411518
-10.9147
9.44099
18.9372
6.4296
17.3918
14.1529
18.9372
4.09955
-5.16934
4.39226
7.10087
21.2934
-14.8229
21.2934
17.174
-5.64088
12.2568
7.10087
0.410849
-5.95314
-13.4539
9.44099
-9.95734
16.3048
0.172524
18.9372
-12.0655
7.10087
11.7761
21.2934
21.2934
9.84092
6.77589
7.7352
21.2934
0.410849
21.2934
-5.95314
4.09955
8.01075
17.174
-13.1359
9.44099
21.2934
-18.6391
-13.4539
21.2934
4.16156
4.09955
16.3048
21.2934
4.14478
19.4027
0.410849
21.2934
-12.3225
11.1516
15.3479
9.84092
-12.0655
17.174
21.2934
21.2934
4.09955
13.3803
17.174
19.4027
9.44099
2.08272
-14.617
14.1529
7.92446
-13.4539
-18.6391
11.1516
9.84092
17.3918
0.410849
-2.01422
17.174
17.3918
4.09955
-8.49945
16.3048
21.2934
10.7362
12.1359
21.2934
-4.6001
11.9348
11.1516
17.658
11.1516
-12.0655
21.2934
11.1516
14.7646
14.679
16.139
7.7352
11.6733
8.25148
21.2934
12.2568
14.7646
21.2934
-5.31237
10.2369
21.2934
0.410849
11.1516
11.7761
16.139
4.14478
9.18505
18.9372
-5.16934
21.2934
14.679
21.2934
4.09955
4.09955
10.0199
1.69034
-13.4539
14.679
15.732
13.5541
11.3777
4.09955
11.1516
14.1529
10.7362
-12.7343
14.1529
10.9591
9.33112
-13.7651
11.1516
11.7761
17.3918
21.2934
21.2934
-6.32416
4.14478
7.10087
1.69034
18.9372
9.33112
7.10087
21.2934
9.01886
3.56441
-17.7311
14.679
17.658
11.6154
6.94739
4.16156
14.7646
21.2934
3.10269
21.2934
21.2934
17.3918
0.434902
-13.4539
7.10087
4.56532
21.2934
-13.4539
0.410849
9.61465
-12.0655
-13.4539
4.09955
17.174
9.44099
21.2934
-13.4539
-5.95314
19.4027
0.267314
21.2934
-5.64088
10.184
8.3375
14.1529
7.03399
9.84092
4.09955
14.7646
21.2934
9.44099
4.09955
9.18505
21.2934
21.2934
9.44099
0.434902
1.48986
10.7362
9.18505
11.1516
4.39226
21.2934
8.3375
10.7014
-7.54919
3.10269
21.2934
-1.77432
17.3918
-5.02985
18.9372
18.9372
21.2934
21.2934
21.2934
-16.9878
10.7362
11.6733
21.2934
-2.01311
13.3803
19.4027
16.139
14.7646
4.09955
5.57708
13.7602
17.3918
10.3216
7.10087
17.658
21.2934
3.10269
15.732
21.2934
7.10087
-5.31237
-1.02247
16.139
21.2934
15.3479
-2.60993
9.44099
21.2934
19.4027
-5.16934
17.174
16.3048
0.434902
11.1516
-5.16934
12.2568
19.4027
-4.6001
14.1529
18.9372
14.7646
17.3918
13.5541
11.1516
18.9372
11.7761
13.5541
8.01075
11.9139
17.174
0.410849
0.434902
7.10087
-5.95314
21.2934
-13.6587
21.2934
-6.2013
-19.5632
-5.31237
13.5541
8.3375
8.97292
7.10087
0.267314
9.18505
8.35973
2.14066
17.174
9.44099
10.7014
21.2934
9.18505
4.56532
17.658
-14.8229
-5.16934
21.2934
-5.16934
15.732
13.7602
-5.95314
-10.8401
21.2934
-4.46532
-5.95314
21.2934
21.2934
-2.01311
-2.01311
19.4027
21.2934
-12.7343
17.174
-16.4581
-6.2013
10.856
4.09955
16.3048
-5.16934
10.2369
18.9372
11.1516
-12.2737
21.2934
11.9139
-5.16934
-10.8401
0.410849
21.2934
14.7646
0.410849
12.2568
21.2934
17.3918
11.9139
10.184
-19.2254
18.9372
5.52097
-13.4539
15.732
4.16156
21.2934
14.679
18.9372
1.48986
13.6618
-4.6001
4.09955
21.2934
11.1516
-4.6001
8.97292
9.44099
19.4027
-7.54919
9.18505
-5.16934
21.2934
-14.617
11.1516
-13.7651
21.2934
4.26234
21.2934
-12.0655
-2.01311
0.0411518
11.1516
-16.4581
10.2369
0.267314
1.69034
18.9372
14.0194
9.84092
21.2934
7.10087
11.9348
8.10372
2.14066
-2.93723
21.2934
-12.7343
19.4027
3.56441
-6.32416
14.7646
-13.4539
13.5541
7.10087
-5.95314
14.7646
7.10087
19.4027
9.44099
4.09955
17.174
16.3048
21.2934
7.10087
8.97292
-6.55033
16.139
14.7646
14.7646
4.14478
11.7761
-4.6001
1.48986
11.1516
14.7646
21.2934
0.434902
-5.16934
19.4027
14.8895
8.3375
7.10087
0.410849
6.08055
17.174
15.732
11.1516
17.174
21.2934
-2.93723
7.03399
7.03399
3.10269
4.56532
-6.2013
0.434902
14.1529
11.3777
14.0194
4.09955
18.9372
21.2934
7.10087
9.44099
17.658
16.3048
18.9372
0.410849
8.01075
17.3918
11.1516
17.3918
21.2934
-7.88582
10.9591
19.4027
-19.2254
11.1516
17.174
11.1516
7.10087
14.7646
17.3918
14.7646
15.3479
7.7352
-14.8229
21.2934
15.3479
21.2934
-14.6353
-14.8229
-5.16934
18.9372
21.2934
17.658
19.4027
14.7646
21.2934
11.1516
17.3918
14.7646
21.2934
-15.8711
-17.7311
14.679
14.679
-16.9878
-5.16934
-7.54919
16.3048
17.174
-14.8229
-19.2254
11.1516
4.14478
9.18505
17.3918
11.1516
7.10087
-14.2235
7.10087
9.84092
13.6618
13.3939
21.2934
21.2934
4.09955
-5.16934
-9.11058
9.84092
21.2934
17.3918
17.174
-10.9738
-10.0965
15.732
9.44099
-14.8229
9.44099
-5.16934
0.434902
17.174
21.2934
7.7352
21.2934
21.2934
21.2934
9.18505
-5.16934
21.2934
17.658
21.2934
4.09955
4.26234
21.2934
21.2934
-5.95314
-5.16934
19.4027
-4.6001
21.2934
6.61305
-9.20957
10.9759
19.4027
-14.8229
-14.8229
-4.6001
9.44099
4.26234
18.9372
21.2934
7.03399
-2.64022
14.7646
2.08272
-2.47655
19.4027
7.10087
11.1516
17.174
17.3918
21.2934
7.7352
-14.8229
21.2934
15.732
9.44099
-13.7651
18.9372
7.10087
17.174
21.2934
7.10087
-8.64472
9.84092
11.1516
11.7761
10.9759
14.8895
8.10372
-5.16934
17.174
12.1359
18.9372
21.2934
13.2902
21.2934
9.44099
21.2934
6.4296
17.174
-13.4539
-5.95314
-5.95314
9.84092
-19.2254
-17.7311
14.1529
9.18505
11.1516
14.0194
0.410849
11.1516
14.7646
4.69065
8.3375
21.2934
9.18505
-17.7311
21.2934
18.9372
19.4027
19.4027
14.1529
18.9372
7.72781
0.410849
11.1516
-4.6001
-5.16934
-11.6961
8.56011
21.2934
0.267314
21.2934
21.2934
9.44099
21.2934
16.3048
15.3479
2.31395
21.2934
9.84092
-5.40692
4.09955
10.9591
7.10087
13.6618
17.658
21.2934
16.139
21.2934
7.10087
-12.0655
21.2934
17.658
17.174
19.4027
-19.5632
-2.01311
-15.8711
-17.7311
-13.4539
11.1516
0.410849
-4.6001
-5.16934
-5.16934
21.2934
9.18505
14.7646
16.3048
11.1516
-3.09717
-17.7311
-4.6001
13.3803
14.7646
0.410849
-16.6897
19.4027
21.2934
21.2934
14.7646
21.2934
8.97292
11.1516
14.1529
21.2934
7.10087
18.9372
-15.8711
21.2934
-4.46532
7.03399
19.4027
21.2934
2.14066
21.2934
15.732
7.10087
21.2934
-0.901136
19.4027
-16.6897
11.1516
11.9348
11.1516
-12.7343
7.36935
-5.31237
9.44099
15.3479
21.2934
-14.8229
-2.01422
0.0411518
11.1516
3.46842
5.90937
12.2568
10.3216
-13.7651
11.1516
17.3918
10.7362
14.7646
21.2934
14.679
13.6618
0.434902
7.10087
19.4027
18.9372
14.0194
7.10087
7.10087
21.2934
17.174
21.2934
3.10269
-9.95734
21.2934
-5.16934
15.732
14.7646
-0.0418325
-16.9878
21.2934
13.6618
8.18561
21.2934
9.18505
14.0194
13.6618
9.18505
-13.4539
21.2934
1.69034
-10.202
9.18505
0.410849
14.7646
-6.2013
16.3048
21.2934
0.410849
4.09955
19.4027
19.4027
4.09955
13.3939
18.9372
4.35586
21.2934
9.44099
-6.55033
17.3918
-5.95314
21.2934
0.410849
-16.4581
16.3048
-4.6001
10.3216
14.1529
19.4027
5.52097
-14.8229
14.1529
15.3479
19.4027
7.10087
17.658
18.9372
-9.11058
21.2934
-5.16934
-13.7651
8.01075
7.10087
7.10087
-11.3373
8.3375
11.1516
14.1529
7.03399
19.4027
19.4027
18.9372
-6.55033
11.1516
4.19125
-17.7311
11.6154
4.09955
21.2934
17.174
-19.2254
21.2934
-13.4539
21.2934
13.5541
21.2934
-7.54919
3.10269
18.9372
-2.64022
-17.7311
4.14478
11.1516
8.10372
-14.8229
17.174
-13.3716
-6.55033
21.2934
3.10269
13.7602
21.2934
-19.2254
-6.32416
7.10087
4.09955
0.0411518
19.4027
-13.4539
0.410849
21.2934
19.4027
4.14478
10.7362
9.44099
11.1516
19.4027
0.410849
3.96587
9.18505
10.0199
0.0411518
-9.20957
7.10087
-4.6001
17.174
18.9372
-18.6391
14.7646
14.8895
4.39226
21.2934
19.4027
-14.8229
9.18505
17.174
21.2934
21.2934
-13.4539
7.10087
-13.4539
-5.16934
-5.95314
16.3048
-2.01311
21.2934
21.2934
17.3918
-14.8229
-6.62777
-5.16934
11.1516
11.1516
18.9372
21.2934
4.39226
-6.32416
19.4027
21.2934
17.174
11.7761
7.10087
6.13729
14.7646
16.3048
-18.6391
4.09955
18.9372
14.1529
-4.6001
-13.4539
19.4027
21.2934
6.13729
11.1516
14.679
-2.60993
14.679
16.139
0.0411518
3.10269
-16.4581
21.2934
-5.16934
11.1516
5.87542
14.7646
-2.01422
16.139
17.3918
-6.55033
13.3803
-13.4539
-10.9738
17.174
19.4027
19.4027
21.2934
21.2934
-5.16934
21.2934
8.97292
14.679
-15.8711
21.2934
17.174
13.5541
21.2934
16.139
16.139
-12.0655
14.7646
-5.31237
14.7646
-16.4581
-6.32416
-5.31237
21.2934
21.2934
19.4027
9.84092
13.7602
7.1574
11.9139
11.1516
0.410849
-10.8401
19.4027
4.56532
11.3777
14.679
18.9372
7.10087
2.48401
11.1516
-10.0965
19.4027
11.6733
-6.32416
13.2902
14.8895
7.10087
-5.40692
7.7352
21.2934
14.7646
0.434902
4.09955
14.7646
7.10087
3.10269
3.10269
19.4027
21.2934
21.2934
18.9372
10.3216
-4.43819
17.174
9.18505
7.03399
8.56011
8.97292
11.1516
14.679
0.410849
14.7646
10.2369
21.2934
-2.35918
11.1516
-4.6001
9.18505
17.3918
8.3375
10.9591
7.10087
-6.2013
13.6618
16.3048
-5.16934
-2.01311
-5.16934
21.2934
11.7761
19.4027
7.10087
19.4027
21.2934
19.4027
19.4027
-2.01311
21.2934
7.10087
11.1516
7.42732
-4.6001
-4.6001
21.2934
-5.16934
19.4027
14.1529
17.174
19.4027
14.7646
-12.3225
11.1516
21.2934
21.2934
21.2934
0.410849
-13.4539
21.2934
21.2934
14.679
4.09955
9.18505
-13.3716
14.679
7.7352
-6.2013
17.3918
0.434902
14.7646
-12.1809
4.09955
-4.6001
19.4027
9.18505
-2.01422
9.44099
0.434902
11.1516
9.44099
21.2934
14.8895
9.44099
21.2934
-15.8711
-12.2737
9.47875
11.1516
-19.2254
21.2934
-12.2737
16.139
7.10087
16.139
21.2934
21.2934
4.09955
9.44099
10.7362
10.856
21.2934
16.3048
7.10087
17.174
9.33112
0.410849
0.410849
8.97292
-10.8401
7.10087
9.84092
19.4027
7.10087
17.3918
-10.4355
21.2934
11.1516
7.12961
19.4027
21.2934
-6.98169
9.36959
21.2934
-2.01311
4.56532
10.856
7.10087
6.07342
14.679
-16.9878
-17.7311
7.10087
19.4027
7.10087
-4.46532
-1.8371
9.44099
2.08272
21.2934
-10.5683
19.4027
14.1529
17.3918
18.9372
14.7646
5.57708
15.3479
17.174
10.7362
17.3918
9.44099
21.2934
3.10269
0.434902
-10.8401
14.1529
7.10087
21.2934
13.6618
17.174
18.9372
21.2934
0.0411518
14.1529
11.1516
0.410849
14.679
9.44099
19.4027
-19.2254
4.14478
13.5541
-13.7651
14.7646
11.9139
14.7646
-9.43529
-13.4539
0.410849
1.10959
-4.6001
-2.01422
18.9372
0.410849
-7.26531
17.174
-2.01311
0.434902
6.23264
7.10087
19.4027
7.10087
13.3939
21.2934
21.2934
7.10087
18.9372
7.10087
21.2934
-7.81766
9.61465
10.856
14.7646
10.856
10.0508
19.4027
16.3048
14.7646
7.10087
-12.7343
21.2934
9.61465
11.7761
21.2934
16.3048
-9.20957
6.13729
19.4027
21.2934
19.4027
17.3918
21.2934
5.52097
4.16156
-4.6001
21.2934
-6.55033
0.410849
-6.55033
4.09955
-4.6001
9.44099
21.2934
19.4027
10.856
14.1529
17.3918
-13.4539
21.2934
0.434902
13.7602
-1.02247
18.9372
-6.64283
8.97292
-10.8401
21.2934
-19.5632
9.44099
-10.0965
-19.2254
10.184
19.4027
-4.6001
21.2934
21.2934
-17.7311
7.10087
7.10087
11.1516
16.3048
7.15365
21.2934
-5.16934
8.97292
8.97292
-4.6001
0.410849
0.410849
16.139
7.7352
21.2934
21.2934
2.14066
17.658
-9.11058
9.47875
13.3939
9.44099
4.14478
0.0411518
-13.4539
-6.62777
-12.3269
10.7362
18.9372
-16.4581
8.9317
11.1516
0.0411518
19.4027
0.0411518
13.3803
8.3375
21.2934
3.10269
14.8895
19.4027
-14.2454
3.10269
6.4296
9.44099
17.3918
14.679
13.6618
14.1529
-1.02247
3.10269
-9.11058
-2.01311
-9.16988
17.174
16.3048
7.55898
19.4027
19.4027
21.2934
14.679
14.1529
11.1516
-19.5632
9.47875
11.6154
-5.16934
0.410849
8.97292
19.4027
13.6618
21.2934
11.1516
19.4027
-15.8711
17.174
14.679
21.2934
10.0199
3.46842
19.4027
21.2934
17.174
4.09955
9.18505
11.7761
17.174
8.97292
0.267314
11.9139
9.18505
-6.32416
8.3375
7.03399
8.34745
-12.0655
15.732
11.1516
0.410849
-13.7651
7.03399
16.139
-9.95734
0.410849
7.10087
-5.16934
11.1516
-14.8229
17.174
6.94739
7.51493
-13.9731
3.10269
-2.93723
7.10087
-1.53593
17.174
-2.01422
0.410849
17.174
11.1516
13.3939
-4.6001
6.11486
17.658
9.47875
15.732
-2.60993
14.0194
21.2934
-2.01422
-12.0655
-13.7651
11.7761
9.61465
-15.8711
-13.4539
10.3216
11.1516
17.174
2.14066
21.2934
-12.0655
8.25148
10.9759
-19.2254
17.3918
21.2934
-1.02247
17.174
21.2934
9.44099
-6.32416
21.2934
19.4027
-13.4539
13.6618
18.9372
14.7646
10.2369
21.2934
2.14066
-14.8229
9.44099
14.0194
14.1529
18.9372
7.10087
17.3918
-13.6587
11.1516
9.44099
21.2934
-5.16934
11.6733
21.2934
11.1516
10.7014
10.9591
6.59153
13.6618
21.2934
9.44099
4.56532
15.3479
-10.9738
19.4027
7.10087
-15.8711
15.732
-19.2254
14.7646
0.434902
21.2934
19.4027
8.3375
21.2934
17.174
14.679
0.410849
-2.01311
18.9372
7.10087
11.1516
-13.7651
-7.81766
17.658
-2.93723
7.1582
-5.16934
11.1516
11.3777
-12.7343
0.0411518
4.09955
9.47875
0.410849
19.4027
19.4027
21.2934
17.3918
10.184
11.1516
14.7646
14.1529
21.2934
11.7761
0.410849
17.3918
9.33112
4.56532
21.2934
11.675
18.9372
19.4027
21.2934
7.10087
9.44099
14.7646
21.2934
-13.3716
-13.3716
10.0199
14.8895
-12.1809
19.4027
14.1529
-4.6001
4.56532
9.44099
19.4027
-13.6587
-19.5632
18.9372
8.97292
-6.55033
21.2934
21.2934
8.97292
0.0411518
18.9372
17.3918
17.3918
17.174
18.9372
7.10087
-5.16934
4.09955
0.410849
11.1516
0.434902
19.4027
14.7646
21.2934
1.48986
3.10269
21.2934
4.09955
0.410849
9.44099
12.2568
16.139
16.139
3.56441
14.7646
13.3939
21.2934
10.0405
-13.3716
21.2934
0.0411518
17.3918
-4.6001
0.410849
4.26234
-6.32416
16.139
8.01075
8.97292
17.3918
21.2934
8.3375
7.10087
21.2934
7.10087
-5.16934
-12.5248
7.10087
9.44099
14.679
17.174
4.09955
-12.7343
7.36935
21.2934
11.1516
0.410849
19.4027
10.7362
-2.01311
11.1516
19.4027
14.1529
0.799751
21.2934
14.1529
11.675
14.7646
11.1516
-18.6391
0.434902
5.87542
14.0194
3.10269
0.410849
21.2934
0.0411518
8.25148
9.18505
8.9317
21.2934
21.2934
3.10269
8.97292
-5.16934
-2.60993
-14.8229
19.4027
8.3375
4.35586
11.6154
13.3939
21.2934
11.1516
9.18505
21.2934
0.410849
17.3918
17.174
21.2934
-13.4539
-5.02985
7.10087
8.97292
7.10087
21.2934
5.00718
21.2934
-6.32416
-4.6001
-13.9731
-0.0418325
-9.16076
19.4027
21.2934
18.9372
14.679
-10.8401
9.36959
14.7646
21.2934
11.1516
4.69065
14.0194
21.2934
21.2934
7.36935
4.09955
8.97292
-14.8229
-8.46141
21.2934
-3.25247
7.10087
-9.6814
12.1359
21.2934
14.0194
11.1516
14.7646
21.2934
14.1529
10.7362
21.2934
18.9372
19.4027
15.3479
3.10269
21.2934
3.10269
21.2934
8.25148
21.2934
1.69034
19.4027
0.410849
15.732
11.1516
10.7362
0.410849
-13.9731
9.44099
9.18505
21.2934
11.1516
8.3375
15.732
7.10087
-9.57069
13.5541
10.7362
11.1516
-12.3225
21.2934
11.1516
0.0411518
-10.202
21.2934
21.2934
17.658
9.18505
11.1516
21.2934
21.2934
21.2934
-10.8401
9.33112
9.44099
21.2934
10.856
11.1516
4.14478
7.10087
-13.3716
14.7646
21.2934
6.04399
-6.32416
3.96587
-0.0418325
-5.16934
-19.5632
-2.01422
11.1516
17.658
0.267314
14.7646
-5.4259
17.3918
7.10087
11.1516
17.658
21.2934
11.6154
19.4027
19.4027
21.2934
7.10087
-4.43819
-14.8229
21.2934
13.5541
-14.8229
14.7646
8.97292
-5.95314
21.2934
17.174
4.39226
14.1529
7.10087
21.2934
13.7602
14.679
-19.2254
7.10087
17.3918
-6.55033
21.2934
8.97292
-17.7311
18.9372
18.9372
13.5541
-5.16934
14.8895
14.7646
12.1359
-6.2013
21.2934
7.10087
18.9372
-2.01311
3.96587
5.6357
21.2934
17.174
11.1516
21.2934
16.3048
18.9372
0.410849
9.44099
7.10087
16.139
18.9372
0.410849
14.7646
16.3048
14.8895
17.174
16.139
14.1529
7.10087
11.7761
17.174
4.39226
-4.6001
-13.4539
18.9372
19.4027
21.2934
19.4027
0.267314
11.1516
17.3918
21.2934
-2.01311
8.01075
7.10087
10.2369
-2.01311
10.856
21.2934
21.2934
11.3777
8.3375
21.2934
21.2934
21.2934
2.12468
0.410849
7.10087
21.2934
7.10087
8.97292
-17.7311
-14.2454
19.4027
-14.617
21.2934
19.4027
21.2934
8.97292
21.2934
-6.55033
11.3777
4.56532
-12.0655
10.7362
17.174
13.3939
21.2934
21.2934
8.97292
-13.4539
21.2934
4.14478
-12.0655
17.3918
-2.01422
9.18505
15.3479
13.3803
9.84092
21.2934
7.03399
8.10372
11.9139
21.2934
21.2934
18.9372
19.4027
7.10087
8.01075
11.1516
9.18505
19.4027
15.732
11.1516
8.97292
17.3918
0.803364
17.658
10.856
7.37254
9.18505
4.83109
7.03399
-6.55033
7.10087
9.18505
19.4027
6.69255
21.2934
8.86632
-2.01311
-13.3716
21.2934
19.4027
21.2934
18.9372
3.96587
-7.81766
7.10087
-6.2013
7.03399
17.174
21.2934
10.0292
7.10087
19.4027
13.6618
17.174
7.10087
14.1529
11.1516
17.174
-6.32416
18.9372
15.3479
11.6733
-5.16934
9.44099
-4.6001
19.4027
8.97292
-5.16934
7.10087
-5.40692
7.10087
18.9372
9.84092
17.174
-9.20957
-13.6587
17.174
11.6154
9.44099
-15.8711
21.2934
21.2934
14.0194
16.3048
7.10087
11.9348
0.434902
19.4027
11.3777
11.1516
7.10087
17.174
9.84092
21.2934
17.3918
9.84092
15.732
-12.7343
21.2934
16.139
21.2934
21.2934
1.69034
7.10087
17.3918
17.174
1.69034
11.1516
14.679
-12.0655
15.732
7.10087
16.3048
17.174
-2.64022
17.174
18.9372
17.658
-5.16934
-17.7311
4.56532
4.09955
14.1529
-19.2254
-13.9731
18.9372
2.60573
17.658
21.2934
5.57708
-5.95314
0.410849
17.174
-1.31636
21.2934
14.1529
10.856
0.415381
21.2934
14.7646
14.679
17.3918
14.1529
17.3918
-13.4539
10.0292
21.2934
-19.2254
19.4027
11.1516
9.44099
4.34303
-14.8229
11.675
21.2934
0.410849
-2.64022
21.2934
21.2934
0.0411518
7.1574
11.3777
19.4027
17.658
-12.3225
21.2934
11.1516
-16.9878
21.2934
9.18505
21.2934
15.3479
17.3918
11.1516
17.658
4.16156
21.2934
-12.7343
21.2934
21.2934
4.39226
10.856
-5.16934
19.4027
10.7014
17.3918
8.97292
-6.32416
21.2934
11.1516
14.7646
14.7646
17.174
-13.4539
-16.4581
14.7646
21.2934
-18.6391
-10.8401
21.2934
17.174
11.1516
4.09955
7.03399
7.10087
12.1359
21.2934
14.7646
17.174
21.2934
7.10087
17.174
-14.8229
0.410849
14.7646
17.3918
-5.16934
-13.7651
7.10087
21.2934
10.2369
18.9372
13.3939
12.1359
21.2934
-13.6587
4.09955
7.10087
-9.3056
13.7602
21.2934
0.410849
4.14478
18.9372
21.2934
0.0411518
-5.16934
16.3048
17.174
21.2934
17.3918
8.3375
0.0411518
17.658
8.10372
14.679
8.97292
15.3479
8.3375
4.14478
9.44099
-12.7343
12.2568
7.10087
19.4027
11.1516
9.44099
0.410849
17.174
1.48986
11.675
17.174
6.94739
-9.11058
21.2934
17.174
4.09955
17.3918
9.44099
14.7646
4.14478
17.658
10.2369
13.7602
9.44099
21.2934
8.97292
17.174
-0.901136
17.658
21.2934
3.25132
-2.01422
21.2934
9.18505
19.4027
4.56532
-7.54919
21.2934
8.25148
7.10087
21.2934
-4.6001
11.1516
2.26804
8.3375
13.3939
9.44099
17.658
4.09955
14.7646
-5.95314
21.2934
-4.6001
21.2934
21.2934
17.3918
21.2934
14.1529
21.2934
19.4027
-12.1809
21.2934
8.3375
-4.41316
21.2934
9.44099
21.2934
14.7646
17.174
-19.2254
14.7646
8.10372
9.44099
-6.32416
8.3375
9.84092
14.679
14.1529
11.1516
11.1516
7.10087
6.9467
-13.4539
3.56441
21.2934
-10.8401
-7.88582
9.44099
17.174
11.1516
14.1529
9.47875
17.174
17.3918
7.1582
-10.0965
4.09955
8.10372
15.732
0.434902
0.0411518
8.97292
-12.0655
17.174
1.48986
8.3375
-2.93723
4.09955
8.97292
-9.11058
8.25148
14.7646
19.4027
-16.6897
-10.8401
9.44099
-2.01422
2.08272
14.679
21.2934
-5.66113
21.2934
0.410849
13.5541
7.10087
0.0411518
0.410849
8.97292
14.1529
11.1516
0.410849
7.10087
17.174
0.0411518
21.2934
11.7761
8.86632
17.174
-13.7651
7.36935
7.10087
14.7646
19.4027
10.7362
14.1529
18.9372
14.0194
9.18505
10.7014
14.7646
3.10269
11.1516
14.7646
9.44099
9.44099
21.2934
0.410849
7.10087
11.9139
8.97292
10.0508
-17.7311
9.18505
21.2934
-16.4581
10.0508
19.4027
7.7352
-2.93723
-5.16934
17.3918
17.174
6.4296
-12.0655
19.4027
21.2934
6.66098
17.174
-5.16934
10.856
7.10087
9.18505
21.2934
19.4027
18.9372
11.1516
19.4027
10.9591
19.4027
-5.95314
8.86632
21.2934
6.94739
21.2934
14.679
7.10087
19.4027
-6.98169
21.2934
-12.0655
21.2934
14.1529
21.2934
16.3048
11.1516
11.1516
17.174
17.658
4.16156
10.3216
11.3777
21.2934
4.09955
15.3479
18.9372
0.410849
-12.0655
9.44099
19.4027
21.2934
18.9372
11.1516
-18.6391
18.9372
7.10087
19.4027
-12.7343
21.2934
19.4027
8.97292
21.2934
21.2934
9.44099
19.4027
19.4027
17.174
5.34444
7.10087
21.2934
-10.3213
7.10087
21.2934
0.0411518
-15.8711
21.2934
-12.0655
17.174
7.36935
-19.2254
0.434902
17.174
4.26234
8.3375
11.1516
21.2934
19.4027
4.56532
2.31395
0.410849
16.3048
19.4027
9.18505
17.658
9.18505
-1.02247
-12.3225
16.3048
17.174
-14.8229
9.33112
-13.4539
19.4027
-16.4581
4.56532
10.0405
21.2934
17.3918
1.10959
-14.2454
18.9372
13.3803
15.3479
-16.4581
-5.16934
9.44099
0.434902
21.2934
0.410849
11.1516
4.39226
11.1516
18.9372
13.5541
17.174
-19.2254
-14.8229
-4.6001
21.2934
7.10087
21.2934
10.7362
3.10269
9.44099
19.4027
17.174
21.2934
19.4027
-2.01311
-6.2013
14.679
-14.6353
-12.7343
-15.8711
0.410849
-17.7311
21.2934
-10.0965
17.3918
17.174
4.09955
21.2934
7.03399
-5.16934
-5.95314
-5.40692
4.09955
21.2934
21.2934
12.1359
7.1574
-5.31237
21.2934
17.174
11.6733
-12.7343
14.7646
11.1516
17.3918
21.2934
11.1516
21.2934
21.2934
-9.20957
14.1529
17.174
21.2934
-6.2013
21.2934
0.410849
-5.16934
21.2934
11.9139
21.2934
11.1516
10.7014
6.4296
11.1516
9.44099
11.1516
1.94215
11.3777
-5.95314
17.658
9.44099
8.25148
14.679
8.97292
21.2934
14.0194
17.174
17.3918
14.1529
0.410849
14.679
-12.3225
0.410849
18.9372
9.44099
21.2934
-6.98169
17.174
21.2934
-12.2737
21.2934
-14.8229
-8.41035
17.174
9.33112
11.1516
11.1516
-13.4539
19.4027
15.732
19.4027
-6.32416
10.0199
17.174
15.3479
15.732
9.18505
-14.2235
15.3479
-7.88582
14.7646
-5.31237
11.1516
13.6618
9.44099
17.3918
-9.3056
-17.7311
0.410849
13.2902
-13.4539
-13.3716
21.2934
0.434902
14.679
9.84092
7.10087
-15.8882
21.2934
17.3918
8.97292
7.03399
9.18505
9.18505
17.174
7.10087
15.732
-11.6961
19.4027
-12.0655
10.7362
11.1516
-9.11058
13.7602
3.10269
-12.0655
-19.2254
14.1529
18.9372
7.10087
-19.2254
21.2934
17.3918
-5.16934
14.1529
9.44099
21.2934
7.10087
10.0292
7.10087
-13.4539
9.18505
-12.7343
10.9759
7.03399
11.1516
9.44099
11.7761
7.10087
13.6618
17.174
11.7761
17.174
4.09955
17.3918
0.434902
-2.01422
0.434902
14.7646
9.44099
19.4027
12.2568
9.18505
7.92446
17.3918
3.10269
11.9139
0.434902
4.39226
14.7646
12.1359
9.18505
15.3479
10.2369
10.856
19.4027
-6.55033
1.15059
17.174
7.10087
17.174
17.658
9.44099
-3.2527
14.1529
11.675
9.18505
17.3918
17.174
21.2934
0.434902
4.09955
9.18505
3.96587
21.2934
14.1529
21.2934
21.2934
14.0194
-0.901136
9.44099
21.2934
4.09955
19.4027
6.08055
-13.4539
11.9139
4.56532
-17.7311
15.3479
19.4027
-10.0965
17.174
-15.8711
10.9759
9.44099
6.56225
-14.8229
-5.16934
14.7646
19.4027
16.139
13.7602
9.18505
17.174
9.71293
14.1529
11.1516
0.0411518
14.7646
0.410849
10.0199
14.7646
2.48401
7.03399
0.172524
14.1529
21.2934
7.10087
-4.6001
18.9372
-4.6001
11.1516
-19.2254
21.2934
18.9372
-18.6391
13.6618
18.9372
9.44099
21.2934
-14.6353
-5.16934
12.2568
17.3918
21.2934
11.1516
21.2934
18.9372
21.2934
21.2934
7.03399
11.6733
11.1516
-9.11058
10.856
-6.98169
-16.9878
17.174
0.410849
7.10087
17.174
17.3918
9.84092
21.2934
11.1516
6.27538
7.10087
7.51493
-5.16934
21.2934
-13.9731
15.3479
11.1516
-12.7343
9.33112
-16.4581
-16.4581
-10.0965
12.2568
17.174
17.3918
9.84092
-4.6001
0.434902
5.57708
-16.9878
-5.40692
11.3777
-1.53593
19.4027
-19.5632
11.1516
13.2902
21.2934
-2.93723
8.97292
19.4027
-15.8711
8.45013
-10.8401
21.2934
14.1529
17.174
14.679
6.94739
14.7646
-5.16934
18.9372
1.10959
16.139
9.44099
18.9372
-12.7343
-4.6001
-7.81766
14.7646
-10.9738
8.25148
-19.5632
21.2934
21.2934
-9.43529
14.679
15.732
21.2934
-13.3716
7.10087
-5.16934
7.10087
-5.95314
3.10269
-3.25247
4.09955
9.18505
17.174
17.174
17.3918
-8.22356
11.1516
0.799751
5.90937
0.434902
18.9372
-6.55033
19.4027
9.44099
-6.98169
-13.3716
17.174
21.2934
-7.81766
13.6618
14.1529
9.44099
11.7761
11.1516
18.9372
15.732
3.96587
17.3918
-17.7311
-5.16934
15.732
18.9372
18.9372
21.2934
17.3918
-14.8229
5.52097
0.434902
7.10087
21.2934
21.2934
0.0411518
16.3048
-7.47739
9.18505
11.6154
21.2934
-9.11058
0.267314
21.2934
11.1516
0.410849
19.4027
19.4027
17.174
21.2934
21.2934
11.1516
18.9372
7.10087
21.2934
11.1516
-14.8229
9.44099
-13.3716
4.09955
21.2934
7.10087
-12.0655
-19.5632
21.2934
-6.55033
-3.2527
13.5541
17.174
7.10087
21.2934
15.732
21.2934
21.2934
11.1516
0.410849
-4.6001
10.0292
-4.6001
10.184
-12.1809
9.47875
11.1516
-5.95314
18.9372
21.2934
19.4027
13.6618
19.4027
11.1516
7.03399
0.410849
13.3939
11.7761
14.7646
7.10087
-13.4539
-13.4539
-6.32416
21.2934
11.1516
21.2934
-6.55033
-13.3716
-14.8229
0.0411518
0.410849
-12.0655
-2.64022
7.10087
19.4027
8.25148
0.434902
7.10087
2.12468
21.2934
8.97292
9.44099
21.2934
7.10087
-2.64022
0.0411518
14.1529
21.2934
4.09955
21.2934
-13.4539
18.9372
4.09955
19.4027
21.2934
14.679
-14.2454
-6.64283
-2.93723
21.2934
-6.55033
-1.33934
17.174
21.2934
10.9759
17.174
-13.4539
3.10269
3.10269
0.410849
14.679
16.3048
21.2934
-6.98169
18.9372
9.44099
4.16156
-2.60993
21.2934
11.6733
7.10087
13.5541
-5.16934
-12.0655
0.434902
18.9372
11.1516
0.434902
-12.0655
7.10087
10.7362
-17.7311
10.3216
-14.8229
15.3479
15.732
-10.8401
9.44099
21.2934
17.174
5.57708
13.7602
11.3777
11.1516
19.4027
11.9139
21.2934
15.732
0.410849
19.4027
13.3939
11.1516
7.10087
0.410849
0.410849
-9.11058
13.2902
11.7761
9.44099
13.6618
-6.55033
0.434902
21.2934
7.10087
21.2934
14.679
-4.6001
-5.16934
21.2934
7.10087
16.3048
-7.58608
2.12468
-16.9878
21.2934
-13.4539
10.7362
14.7646
11.1516
9.44099
0.434902
6.51369
11.9348
14.7646
19.4027
9.44099
1.48986
10.0405
14.1529
19.4027
9.44099
17.658
15.3479
17.174
0.0411518
-2.01311
14.679
11.1516
-13.4539
7.10087
15.732
19.4027
-5.31237
21.2934
-13.3716
21.2934
8.01075
-2.01311
21.2934
19.4027
21.2934
14.8895
14.679
21.2934
21.2934
-19.2254
21.2934
11.1516
12.2568
9.18505
-13.4539
16.3048
4.09955
-4.6001
-13.4539
-5.31237
-12.0655
1.69034
-9.43529
14.0194
-4.46532
-9.3056
14.8895
14.7646
9.18505
10.0199
11.1516
0.410849
7.10087
19.4027
19.4027
11.7761
21.2934
3.10269
0.410849
19.4027
-4.6001
-19.2254
16.139
13.3803
-16.4581
-17.7311
1.69034
9.33112
11.1516
16.3048
4.09955
10.2369
17.658
-9.11058
7.10087
4.56532
-2.01422
10.856
21.2934
21.2934
9.84092
3.46842
-2.64022
10.0508
0.434902
8.45013
14.1529
14.7646
14.0194
-14.8229
7.36935
-6.32416
17.3918
-6.42793
19.4027
-12.7343
18.9372
21.2934
21.2934
0.0411518
7.10087
11.6154
19.4027
21.2934
14.7646
-0.901136
14.7646
14.1529
4.16156
8.25148
15.732
19.4027
17.174
0.434902
17.658
21.2934
14.1529
21.2934
17.174
-19.5632
0.434902
19.4027
18.9372
0.0411518
21.2934
7.36935
21.2934
21.2934
14.679
11.1516
-13.3716
6.13729
16.139
21.2934
11.1516
21.2934
21.2934
21.2934
7.10087
3.96587
-3.90795
9.44099
-6.32416
7.10087
13.5541
-16.4581
10.7362
-11.3373
3.56441
0.410849
18.9372
-19.2254
-4.6001
0.410849
11.1516
21.2934
7.10087
14.7646
17.658
15.3479
11.6733
11.1516
7.10087
14.1529
13.5541
21.2934
4.09955
18.9372
4.56532
8.3375
19.4027
-5.16934
-5.02985
-2.93723
4.09955
-10.0965
10.0508
-5.16934
-2.01422
19.4027
0.410849
-13.4539
21.2934
2.26804
7.10087
0.410849
-14.8229
-19.5632
7.10087
10.2369
17.174
19.4027
21.2934
17.658
-5.31237
21.2934
-12.0655
17.174
8.97292
0.0411518
19.4027
14.8895
9.44099
4.56532
8.10372
0.410849
-2.93723
9.44099
-1.52487
-5.16934
-13.4539
-6.2013
0.434902
9.18505
-1.02247
21.2934
7.10087
17.174
-16.4581
7.2136
0.410849
11.1516
10.7362
14.7646
-2.64022
-16.4581
7.10087
21.2934
9.44099
11.1516
21.2934
21.2934
9.36959
9.44099
14.7646
17.174
21.2934
11.3777
7.10087
-14.8229
21.2934
14.0194
9.44099
9.44099
17.174
0.410849
-14.617
-10.8401
9.44099
0.434902
0.0411518
17.658
19.4027
9.18505
21.2934
-6.98169
-19.2254
-5.31237
-5.64088
9.44099
10.0508
-7.88582
7.10087
0.410849
-13.4539
-2.64022
21.2934
12.2568
0.0411518
9.44099
21.2934
1.10959
-12.7343
17.658
4.09955
21.2934
7.12961
21.2934
14.7646
-2.01311
-4.6001
3.10269
0.410849
19.4027
-12.0655
14.7646
19.4027
17.3918
16.3048
11.1516
17.174
1.69034
-10.8401
7.10087
19.4027
17.174
12.1359
-6.32416
19.4027
-5.95314
-4.6001
-7.81766
8.97292
21.2934
-4.6001
-5.16934
11.6733
8.3375
7.10087
-12.5248
4.39226
0.410849
-9.11058
10.9591
9.44099
9.84092
4.56532
-19.5632
-13.1359
11.1516
-13.9731
11.3777
11.1516
7.10087
21.2934
14.7646
9.71293
6.08055
10.3216
3.96587
14.679
8.97292
1.69034
-10.8401
17.658
-2.01311
21.2934
18.9372
19.4027
7.10087
21.2934
4.09955
18.9372
0.410849
11.1516
9.44099
9.71293
0.267314
-4.6001
4.69065
17.3918
9.18505
8.01075
0.410849
14.7646
-13.4539
18.9372
-12.0655
1.69034
11.1516
14.679
-15.8882
-2.60993
21.2934
19.4027
-2.60993
11.3777
14.8895
-5.16934
17.3918
14.8895
18.9372
-13.3716
-9.11058
5.57708
7.10087
0.410849
21.2934
14.7646
-18.6391
12.2568
17.3918
10.7014
13.3939
0.0411518
18.9372
7.10087
11.1516
21.2934
0.410849
21.2934
17.174
21.2934
21.2934
17.3918
21.2934
19.4027
15.3479
3.96587
8.70395
9.18505
21.2934
0.434902
-12.3225
21.2934
13.3803
15.732
21.2934
-13.4539
14.1529
18.9372
18.9372
-12.7343
11.1516
2.48401
21.2934
14.7646
13.3803
-19.5632
0.0411518
9.44099
16.3048
11.9139
8.97292
14.0194
21.2934
11.1516
6.13729
0.434902
-13.7651
17.174
-12.7062
21.2934
16.139
11.3777
-12.2737
0.410849
9.44099
14.1529
17.174
9.44099
19.4027
4.14478
10.7362
19.4027
11.1516
6.94739
14.0194
-6.55033
11.1516
7.10087
-4.6001
0.410849
21.2934
8.01075
9.44099
11.1516
12.2568
12.1359
4.56532
-3.2527
7.7352
17.174
-14.8229
9.44099
-5.31237
19.4027
14.8895
7.10087
21.2934
3.10269
0.434902
-13.4539
11.1516
14.8895
9.44099
11.1516
-19.2254
21.2934
21.2934
14.0194
1.15059
-14.8229
-12.3269
7.10087
21.2934
16.3048
-17.7311
21.2934
15.732
17.3918
13.5541
8.3375
14.1529
17.3918
-1.02247
-8.46141
-17.7311
9.18505
-2.64022
6.94739
16.3048
16.3048
4.14478
7.36935
7.10087
17.3918
21.2934
19.4027
-9.3056
7.10087
21.2934
13.7602
4.56532
2.08272
14.7646
10.856
15.3479
-6.98169
-2.93723
13.3939
0.803364
19.4027
14.679
11.1516
-13.7651
10.7014
0.410849
17.3918
17.174
17.174
9.44099
0.434902
19.4027
-6.55033
8.25148
-5.31237
-14.8229
7.10087
-4.6001
17.174
17.174
11.3777
21.2934
9.84092
18.9372
21.2934
-5.16934
13.7602
0.434902
11.1516
21.2934
-5.16934
21.2934
7.10087
9.44099
19.4027
7.36935
-5.95314
10.7362
17.658
8.25148
-18.6391
7.10087
7.10087
4.09955
14.7646
11.1516
11.3777
0.410849
17.174
-5.16934
21.2934
4.09955
8.45013
0.434902
21.2934
17.3918
7.10087
5.88006
4.56532
14.679
14.7646
21.2934
7.10087
-12.7343
-9.43529
19.4027
7.10087
7.92446
-17.7311
11.1516
0.410849
14.1529
10.9759
9.44099
15.3479
-19.5632
17.174
19.4027
17.3918
-9.20957
0.267314
19.4027
9.18505
21.2934
18.9372
-6.49408
21.2934
7.10087
19.4027
-12.7343
7.10087
14.7646
10.2369
-6.55033
-12.7343
9.36959
7.7352
17.3918
4.09955
-4.6001
4.72687
14.7646
11.9139
14.1529
18.9372
1.48986
21.2934
16.3048
13.5541
11.1516
8.10372
21.2934
-19.2254
-12.7343
17.174
13.3939
21.2934
7.03399
21.2934
17.3918
0.0411518
21.2934
-6.32416
9.18505
14.1529
11.1516
21.2934
13.2902
17.174
-14.6353
7.10087
19.4027
0.410849
17.3918
12.1359
11.1516
-14.8229
-4.6001
10.2369
21.2934
9.33112
16.139
15.3479
8.97292
8.3375
19.4027
-18.6391
11.1516
-6.55033
0.410849
21.2934
-5.16934
0.410849
7.10087
18.9372
7.03399
9.18505
0.410849
-18.6391
13.2902
14.8895
-19.5632
4.16156
8.97292
7.10087
-16.6897
7.10087
0.172524
14.7646
8.3375
21.2934
-14.617
8.97292
-10.8401
14.7646
21.2934
12.1359
7.10087
21.2934
15.3479
14.679
7.10087
-6.2013
4.14478
4.09955
10.856
2.08272
8.70395
7.10087
0.410849
2.31395
-16.9878
19.4027
17.174
-7.47739
10.7362
10.7362
10.0199
3.10269
21.2934
17.174
5.8117
8.25148
18.9372
14.7646
0.0411518
17.174
13.2902
17.174
9.44099
19.4027
9.61465
11.1516
11.675
21.2934
4.09955
-6.32416
13.5541
17.174
21.2934
2.08272
14.7646
11.1516
11.9348
10.7362
0.410849
18.9372
14.679
9.44099
3.61081
11.1516
4.09955
-18.6391
7.10087
21.2934
11.1516
9.44099
5.6357
1.69034
0.434902
21.2934
7.10087
-13.3716
-6.55033
-0.715706
-12.7062
9.44099
9.44099
8.97292
10.7362
10.2369
7.92446
13.3939
7.10087
21.2934
-12.5248
14.679
21.2934
21.2934
15.3479
-17.7311
17.174
-4.6001
-9.95734
10.0508
16.139
19.4027
-6.32416
-2.93723
-13.4539
-13.4539
21.2934
-0.0529352
19.4027
21.2934
3.10269
0.267314
6.13729
9.18505
10.9759
2.14066
11.1516
11.1516
11.7761
0.410849
15.3479
21.2934
-19.2254
8.97292
8.97292
19.4027
-19.5632
9.44099
4.26234
9.18505
4.14478
18.9372
-5.16934
21.2934
17.3918
17.3918
11.3777
4.09955
17.658
21.2934
-2.01311
21.2934
-9.16076
14.7646
-14.617
3.10269
14.1529
-14.2235
21.2934
-4.6001
21.2934
8.10372
-4.6001
4.56532
3.10269
14.7646
21.2934
-15.8711
9.44099
-13.7651
13.6618
9.44099
16.3048
7.10087
8.56011
11.1516
4.39226
19.4027
19.4027
21.2934
17.658
21.2934
13.2902
1.69034
21.2934
21.2934
7.10087
10.856
11.7761
21.2934
17.174
11.1516
19.4027
-4.6001
4.14478
-5.31237
17.658
19.4027
17.174
17.658
8.97292
14.679
-5.16934
21.2934
7.10087
18.9372
21.2934
9.18505
16.3048
11.1516
17.174
13.3939
8.3375
21.2934
21.2934
21.2934
7.10087
18.9372
0.410849
9.44099
11.7761
9.44099
4.09955
7.10087
7.10087
10.0405
9.44099
17.658
8.97292
19.4027
-5.73928
6.56225
6.4296
21.2934
-4.6001
18.9372
-14.8229
18.9372
7.10087
16.139
9.18505
16.139
21.2934
-14.8229
0.410849
8.01075
0.410849
10.3216
1.69034
-10.8401
-19.2254
0.434902
4.14478
21.2934
14.1529
-6.49827
10.7014
0.0411518
21.2934
-10.202
-13.7651
21.2934
-5.95314
-19.2254
17.174
0.434902
14.7646
13.7602
18.9372
-13.4539
3.10269
-2.60993
13.6618
19.4027
8.3375
17.3918
10.7362
-13.7651
3.10269
4.09955
11.1516
0.410849
11.6733
0.410849
7.10087
-17.7311
17.174
-13.9731
11.1516
-5.16934
-13.4539
10.2369
-12.7343
17.658
-2.01311
7.10087
10.2369
16.3048
0.410849
4.09955
3.10269
7.10087
7.03399
21.2934
7.10087
-12.7343
11.1516
11.1516
0.410849
-14.8229
-18.6391
11.1516
4.14478
18.9372
4.56532
14.7646
13.5541
18.9372
18.9372
17.174
11.1516
8.97292
17.658
21.2934
19.4027
21.2934
0.434902
18.9372
19.4027
10.3216
-11.3373
8.97292
17.658
14.7646
11.1516
-6.2013
-13.3716
4.56532
9.44099
14.7646
11.1516
11.9348
17.658
-12.3225
17.658
21.2934
-5.16934
-13.4539
16.3048
16.3048
-7.88582
-5.16934
13.6618
17.174
0.410849
7.36935
21.2934
19.4027
9.44099
19.4027
21.2934
9.71293
-5.16934
-6.55033
21.2934
1.69034
-2.01422
21.2934
0.434902
17.174
13.3803
14.7646
21.2934
17.3918
1.69034
4.09955
19.4027
14.1529
19.4027
21.2934
17.174
14.7646
21.2934
11.1516
-13.4539
4.56532
10.856
14.7646
16.3048
14.0194
14.1529
7.10087
14.8895
19.4027
10.7362
4.09955
14.679
14.1529
-13.4539
-12.0655
17.658
11.1516
9.18505
7.10087
19.4027
15.3479
8.3375
9.44099
8.45013
18.9372
16.3048
-19.2254
19.4027
7.51493
0.267314
17.174
-5.16934
8.3375
-9.11058
17.3918
9.71293
4.09955
21.2934
14.7646
-4.6001
14.7646
15.732
10.856
10.7362
19.4027
-6.32416
-0.44839
-6.32416
-2.01422
4.56532
0.410849
-2.01311
21.2934
21.2934
4.26234
-13.4539
3.96587
19.4027
13.3939
-6.55033
-5.16934
7.10087
14.1529
4.39226
4.09955
1.69034
11.1516
11.1516
-9.68513
10.856
11.1516
-13.3716
0.410849
21.2934
21.2934
9.44099
21.2934
21.2934
3.10269
21.2934
14.679
9.18505
18.9372
4.16156
17.658
-10.9147
19.4027
21.2934
14.8895
7.10087
2.08272
11.1516
18.9372
10.7362
-19.2254
4.09955
18.9372
21.2934
21.2934
10.856
0.410849
21.2934
7.03399
17.3918
11.7761
21.2934
-6.32416
17.174
9.18505
9.47875
21.2934
13.6618
13.2902
17.174
-12.0655
21.2934
0.410849
15.3479
7.10087
5.90937
19.4027
-4.6001
11.1516
21.2934
13.5541
19.4027
21.2934
0.410849
-9.11058
16.3048
19.4027
1.69034
3.56441
19.4027
19.4027
9.44099
21.2934
9.44099
21.2934
9.44099
10.2369
7.10087
-12.0655
-14.8229
21.2934
-10.8401
1.69034
-13.6587
14.7646
-6.55033
-4.6001
11.6733
17.174
7.36935
5.57708
14.679
7.10087
-5.16934
3.56441
21.2934
17.658
-18.6391
19.4027
10.856
17.174
9.44099
12.1359
11.1516
7.10087
-18.6391
17.174
-10.9738
18.9372
14.1529
-10.8401
14.7646
17.3918
15.732
14.1529
21.2934
17.174
4.16156
6.4296
13.5541
-4.6001
-2.35918
18.9372
18.9372
-14.617
21.2934
0.410849
21.2934
4.26234
0.0411518
-13.3716
21.2934
8.3375
7.10087
14.679
16.3048
16.139
-9.20957
10.7362
18.9372
-5.95314
21.2934
-13.4539
21.2934
21.2934
21.2934
-5.16934
11.1516
-12.2737
17.3918
4.26234
11.1516
7.10087
17.174
18.9372
-5.66113
11.7761
7.10087
17.174
9.44099
-9.11058
11.1516
0.410849
11.1516
8.97292
11.1516
-4.6001
-13.7651
14.679
11.1516
21.2934
9.44099
17.174
14.679
11.1516
7.10087
3.18927
9.44099
4.09955
5.90937
-19.5632
21.2934
0.434902
-12.2737
15.732
7.10087
16.3048
16.3048
17.174
21.2934
13.2902
16.3048
16.3048
21.2934
-14.617
2.12468
16.3048
9.44099
14.1529
14.7646
-9.95734
16.3048
10.856
-14.617
21.2934
-10.9147
11.9139
-13.4539
-4.6001
0.434902
21.2934
-9.11058
10.7362
4.14478
17.174
-12.0655
14.8895
17.658
4.09955
19.4027
-10.8401
11.1516
7.10087
-19.2254
21.2934
11.1516
17.658
11.1516
14.7646
-1.53593
4.09955
17.174
4.09955
10.7014
17.174
14.1529
19.4027
-2.01311
14.7646
-12.0655
19.4027
9.18505
19.4027
-19.2254
0.410849
-6.55033
13.3803
0.267314
7.10087
19.4027
21.2934
19.4027
17.174
17.658
14.8895
-13.1359
7.10087
-12.7343
19.4027
11.1516
11.1516
17.174
-9.6814
11.1516
21.2934
14.7646
19.4027
-2.93723
11.6154
14.7646
6.9467
11.7761
21.2934
17.3918
3.56441
0.410849
4.35586
4.09955
14.7646
0.410849
-15.8711
-2.01422
21.2934
18.9372
21.2934
14.7646
21.2934
-16.4581
21.2934
10.3216
-5.95314
17.174
11.1516
11.1516
0.0411518
-5.16934
21.2934
-3.2527
8.45013
15.732
-14.8229
21.2934
21.2934
17.174
4.09955
17.174
21.2934
14.7646
14.7646
0.410849
9.18505
-14.8229
14.8895
-13.4539
17.3918
9.44099
17.174
18.9372
7.36935
9.44099
11.1516
8.01075
-2.01311
15.3479
-0.0418325
21.2934
1.48986
10.856
-14.8229
21.2934
-4.23455
14.7646
11.7761
9.18505
7.10087
-13.4539
21.2934
7.10087
9.18505
11.1516
-5.02985
7.10087
16.3048
-1.53593
9.44099
-13.4539
7.10087
7.10087
14.7646
21.2934
-5.95314
9.44099
14.7646
17.3918
9.36959
7.10087
19.4027
-12.0655
17.3918
19.4027
7.10087
17.174
17.174
-13.4539
21.2934
9.18505
7.10087
9.44099
7.10087
9.33112
-6.32416
8.34745
14.1529
19.4027
4.56532
-9.20957
-13.7651
7.10087
9.44099
3.10269
4.09955
-13.3716
18.9372
21.2934
8.97292
-4.44189
21.2934
17.174
11.7761
11.1516
-4.6001
11.1516
10.0405
0.434902
14.1529
21.2934
17.174
21.2934
4.09955
4.09955
21.2934
4.14478
16.3048
-1.76856
15.732
11.1516
13.6618
-13.6587
0.410849
4.09955
21.2934
4.09955
11.1516
9.71293
-6.32416
-13.4539
7.55898
4.56532
11.1516
4.09955
-12.3269
7.10087
11.6154
14.7646
16.3048
11.7761
21.2934
18.9372
16.3048
-12.0655
-5.607
-9.20957
17.658
6.66098
21.2934
-10.9738
21.2934
8.3375
17.658
8.97292
-6.55033
0.410849
9.84092
9.44099
10.856
21.2934
-16.6897
7.10087
9.47875
3.10269
7.10087
11.1516
-4.6001
3.10269
21.2934
-13.3716
18.9372
4.26234
13.7602
11.3777
9.18505
19.4027
-2.01422
-4.44189
3.10269
-12.2737
-5.16934
0.0411518
-6.55033
-5.95314
0.410849
21.2934
6.4296
0.434902
17.658
18.9372
14.679
21.2934
0.0411518
13.6618
-12.0655
18.9372
17.174
14.8895
-5.40692
21.2934
9.44099
9.18505
-7.47739
-6.32416
21.2934
-6.55033
21.2934
13.5541
4.09955
0.0411518
9.44099
11.1516
14.7646
21.2934
9.18505
-0.0418325
21.2934
-9.11058
-13.7651
17.3918
-13.7651
14.7646
11.675
13.2902
19.4027
4.09955
11.6154
17.174
21.2934
15.732
14.679
-9.11058
11.1516
18.9372
-16.4581
21.2934
11.9139
10.856
9.18505
-6.98169
0.434902
21.2934
7.92446
21.2934
17.658
4.09955
7.10087
18.9372
8.01075
0.0411518
21.2934
14.7646
12.2568
-6.2013
21.2934
14.7646
21.2934
9.18505
-14.8229
13.6618
9.84092
14.7646
9.84092
21.2934
14.1529
-16.4581
13.2902
17.174
8.97292
11.1516
18.9372
-13.4539
9.18505
18.9372
-16.6897
8.25148
-15.8882
21.2934
14.1529
4.69065
0.0411518
17.174
15.3479
9.47875
-2.64022
0.0411518
-18.6391
9.44099
11.7761
-7.56234
-12.2737
19.4027
11.9139
11.7761
21.2934
7.10087
-7.47739
-17.7311
-6.32416
21.2934
11.1516
3.70545
11.1516
19.4027
-13.4539
9.44099
7.03399
9.44099
13.5541
-19.5632
-6.55033
17.174
17.174
7.10087
9.47875
11.7761
8.01075
2.14066
21.2934
-8.92138
7.10087
0.410849
4.16156
14.7646
11.1516
18.9372
15.3479
4.09955
21.2934
8.01075
18.9372
12.1359
7.10087
11.675
21.2934
17.174
9.18505
9.18505
14.1529
7.10087
11.1516
-13.4539
7.10087
14.1529
15.732
-14.8229
13.6618
7.03399
13.3803
11.7761
4.14478
14.7646
11.6154
7.10087
-4.6001
-16.9878
14.679
10.7362
10.7362
-17.7311
-19.2254
-4.6001
15.732
10.7362
8.3375
21.2934
9.33112
21.2934
21.2934
21.2934
5.27872
10.856
21.2934
21.2934
13.5541
18.9372
21.2934
19.4027
21.2934
8.3375
14.679
19.4027
14.7646
19.4027
-17.7311
17.3918
11.1516
-2.64022
10.0508
-5.95314
-12.0655
-0.901136
14.7646
9.84092
10.2369
11.1516
17.658
14.8895
15.3479
-6.32416
-5.16934
8.3375
21.2934
17.3918
-19.2254
8.97292
-9.95734
-4.6001
-13.4539
21.2934
18.9372
21.2934
17.174
17.658
11.1516
4.09955
10.9759
10.7362
-13.4539
11.1516
14.1529
13.6618
1.48986
7.36935
9.18505
14.1529
4.09955
19.4027
-2.01422
-5.02985
0.410849
15.732
7.10087
8.25148
13.3939
14.679
9.84092
17.174
14.7646
17.658
0.410849
9.44099
6.08055
19.4027
11.1516
14.679
11.1516
8.97292
14.1529
21.2934
21.2934
17.3918
11.7761
21.2934
-13.4539
11.1516
11.1516
21.2934
10.7014
17.658
14.1529
21.2934
11.1516
19.4027
4.09955
-4.6001
9.18505
11.675
-17.7311
14.7646
17.174
14.8895
14.7646
0.410849
10.7362
14.679
8.97292
9.71293
3.67929
19.4027
17.3918
14.7646
11.1516
21.2934
9.44099
14.679
-13.7651
4.09955
21.2934
-15.8711
-5.95314
-13.4539
-7.54919
8.3375
-9.3056
16.3048
21.2934
-18.6391
11.9139
14.7646
17.174
-13.4539
21.2934
21.2934
21.2934
11.1516
17.3918
-4.6001
4.09955
14.7646
14.1529
-5.64088
19.4027
11.1516
21.2934
17.174
10.3216
3.10269
14.1529
14.7646
0.410849
17.174
17.174
15.3479
13.5541
14.7646
13.5541
21.2934
21.2934
-9.11058
21.2934
-14.2235
7.10087
10.7014
21.2934
-6.32416
0.434902
18.9372
17.174
4.39226
21.2934
-12.5248
-19.2254
13.6618
19.4027
11.1516
0.410849
14.7646
21.2934
14.1529
3.10269
-5.95314
11.1516
11.1516
11.1516
18.9372
-5.16934
21.2934
11.1516
0.410849
12.1359
0.410849
0.410849
16.3048
-4.6001
4.14478
17.174
7.92446
11.9139
-5.95314
10.0292
21.2934
4.56532
15.3479
-7.88582
10.856
21.2934
10.0405
-10.0965
-6.32416
11.1516
4.56532
-13.4539
-13.7651
7.36935
14.7646
0.410849
17.174
-13.7651
17.174
7.10087
13.3939
19.4027
9.47875
14.7646
16.3048
-6.32416
14.7646
13.5541
9.18505
9.44099
21.2934
7.10087
21.2934
-2.01311
14.0194
13.5541
19.4027
19.4027
16.139
18.9372
0.0411518
14.1529
-5.16934
19.4027
10.7362
-2.01422
21.2934
-13.7651
14.0194
21.2934
11.1516
-10.8401
21.2934
-4.23455
21.2934
-8.78676
7.10087
0.410849
21.2934
13.6618
11.6154
19.4027
9.18505
18.9372
21.2934
14.679
14.7646
4.09955
9.18505
17.174
16.3048
8.3375
9.33112
18.9372
-3.25247
17.658
-3.2527
21.2934
11.7761
8.9317
13.6618
11.1516
17.174
-5.95314
-16.9878
9.47875
21.2934
4.56532
8.97292
14.0194
7.10087
11.1516
10.184
10.7362
17.3918
11.1516
11.1516
4.72687
-13.7651
21.2934
14.679
7.03399
0.0411518
17.174
19.4027
0.434902
21.2934
7.10087
17.174
13.6618
7.10087
8.3375
0.410849
17.3918
4.09955
7.10087
8.97292
19.4027
14.7646
-2.01422
-2.01422
17.658
21.2934
-12.0655
19.4027
21.2934
21.2934
7.10087
4.09955
19.4027
7.03399
21.2934
-6.98169
19.4027
-6.55033
14.7646
-13.7651
5.52097
21.2934
7.10087
4.39226
-19.2254
11.1516
21.2934
8.25148
6.13729
21.2934
11.1516
14.8895
14.7646
8.97292
7.10087
-6.55033
14.0194
17.3918
9.44099
17.658
7.03399
-5.16934
18.9372
21.2934
-5.16934
0.410849
21.2934
8.97292
11.7761
11.1516
2.79465
17.174
-2.01311
15.732
-4.6001
-14.617
-13.7651
11.1516
-5.73928
-14.8229
14.679
9.44099
19.4027
-5.95314
19.4027
19.4027
11.7761
21.2934
-5.16934
17.3918
7.03399
6.94739
-2.01311
8.25148
21.2934
15.3479
-14.8229
16.139
16.139
-14.8229
16.139
19.4027
19.4027
3.10269
18.9372
10.7362
-9.20957
7.10087
15.732
21.2934
8.54932
-13.7651
0.410849
5.57708
-16.6897
-5.16934
3.10269
7.10087
13.5541
-4.6001
5.15422
9.84092
18.9372
17.174
14.1529
14.7646
21.2934
19.4027
14.1529
-13.4539
11.9348
7.42732
-12.7062
-14.8229
21.2934
19.4027
14.1529
-18.6391
11.1516
6.13729
-1.31636
-13.4539
21.2934
19.4027
21.2934
9.18505
19.4027
10.7362
19.4027
-19.5632
19.4027
17.3918
7.10087
4.14478
-5.16934
9.44099
15.3479
21.2934
21.2934
14.7646
-3.25247
6.66098
-6.32416
8.56011
8.97292
19.4027
19.4027
19.4027
14.7646
14.1529
9.33112
-14.8229
14.679
7.10087
0.410849
-19.2254
13.7602
8.97292
14.7646
18.9372
7.10087
7.10087
4.09955
14.1529
-13.7651
-9.11058
-10.0965
21.2934
11.7761
0.410849
7.10087
8.97292
0.434902
0.410849
0.410849
14.7646
-2.01311
11.7761
17.174
11.1516
16.3048
7.10087
19.4027
17.658
-10.0965
16.139
13.3803
7.10087
9.18505
7.10087
21.2934
14.1529
0.410849
0.267314
-13.4539
-13.7651
7.10087
19.4027
4.16156
17.174
11.1516
-0.573826
17.174
0.0411518
17.174
16.139
0.410849
21.2934
-9.43529
14.7646
8.97292
10.9759
2.08272
21.2934
-14.8229
17.3918
-0.901136
17.174
11.1516
13.6618
14.679
11.9139
11.1516
-13.1359
-4.6001
-5.95314
5.52097
8.3375
11.1516
17.658
-9.6814
21.2934
-2.64022
0.434902
-6.98169
19.4027
1.69034
4.56532
21.2934
0.434902
0.0411518
17.174
13.7602
-19.2254
19.4027
19.4027
15.732
-5.31237
7.10087
11.1516
17.3918
17.174
9.44099
0.434902
-6.98169
0.799751
7.51493
-17.7311
8.97292
7.10087
9.18505
14.7646
17.174
19.4027
17.174
-13.4539
21.2934
7.10087
18.9372
7.10087
-13.4539
19.4027
0.410849
21.2934
21.2934
0.410849
-5.16934
4.56532
11.1516
14.1529
-13.4539
0.410849
19.4027
0.434902
10.2369
2.60573
14.1529
11.1516
11.3777
17.658
21.2934
14.8895
11.1516
16.3048
17.174
9.18505
0.0411518
11.9139
-5.02985
-17.7311
-4.6001
-6.32416
10.856
19.4027
17.174
18.9372
-2.01422
-9.11058
7.92446
7.10087
-2.01422
9.44099
0.410849
19.4027
13.2902
21.2934
7.10087
3.46842
21.2934
14.0194
15.732
-4.46532
8.25148
0.410849
9.33112
9.47875
11.1516
8.97292
15.732
16.139
21.2934
21.2934
21.2934
14.1529
21.2934
9.84092
14.7646
17.658
8.97292
-2.01422
14.679
15.3479
17.174
14.7646
13.3939
21.2934
8.3375
15.732
17.174
21.2934
-10.9738
9.44099
21.2934
-6.32416
0.410849
-15.8882
7.03399
11.1516
12.1359
21.2934
17.3918
21.2934
21.2934
3.10269
9.47875
11.7761
7.03399
13.3803
15.732
-5.16934
7.10087
4.56532
14.7646
17.174
4.56532
15.3479
5.52097
-9.11058
21.2934
0.267314
9.44099
7.03399
0.410849
-12.7343
-5.16934
4.09955
21.2934
13.3803
17.174
-16.6897
14.8895
16.3048
19.4027
-12.0655
0.410849
21.2934
9.18505
16.139
10.9759
17.3918
5.15422
21.2934
9.47875
17.174
11.1516
0.0411518
17.174
0.410849
9.18505
-14.8229
16.139
21.2934
13.3939
-8.80308
-5.16934
16.3048
-19.2254
7.10087
15.3479
4.56532
4.09955
-5.16934
21.2934
11.7761
-13.4539
-14.2454
21.2934
14.7646
3.56441
10.0292
21.2934
4.14478
14.1529
17.174
14.679
-7.81766
-3.2527
9.18505
17.174
10.0508
-5.31237
-5.02985
-2.93723
21.2934
-2.01311
7.10087
10.7362
21.2934
-13.6587
8.97292
-4.6001
21.2934
0.434902
21.2934
11.1516
19.4027
13.2902
0.410849
8.3375
6.4296
14.679
-13.7651
18.9372
13.5541
14.8895
8.97292
-13.4539
21.2934
9.44099
21.2934
21.2934
1.69034
17.3918
-14.8229
7.10087
19.4027
15.732
11.6154
13.6618
7.10087
11.6733
-13.4539
-1.39805
0.434902
4.39226
21.2934
-18.6391
21.2934
21.2934
-4.6001
0.410849
-5.16934
15.732
-13.4539
16.139
17.174
19.4027
0.410849
21.2934
-19.5632
18.9372
-6.98169
8.3375
11.1516
10.2369
-4.6001
2.93453
10.7362
-17.7311
11.3777
7.10087
14.1529
19.4027
21.2934
21.2934
-18.6391
-13.4539
-2.60993
7.10087
11.7761
21.2934
-16.4581
-2.93723
18.9372
11.9139
18.9372
14.679
-12.7343
-14.8229
0.410849
10.856
21.2934
14.679
-17.7311
9.44099
19.4027
19.4027
21.2934
17.174
17.3918
14.679
4.09955
17.658
11.1516
-6.32416
18.9372
21.2934
21.2934
8.25148
0.434902
-7.88582
-13.4539
-6.2013
11.9139
21.2934
18.9372
18.9372
17.3918
11.1516
17.174
12.1359
-5.16934
15.3479
9.18505
18.9372
-13.4539
15.732
-2.01422
-15.8711
21.2934
9.18505
7.10087
4.56532
0.434902
9.33112
-2.01311
-7.81766
-10.0965
-2.01422
21.2934
8.56011
8.56011
1.48986
0.410849
-8.46141
14.8895
21.2934
-6.55033
17.174
7.10087
21.2934
21.2934
17.658
14.1529
14.7646
9.18505
18.9372
0.410849
17.174
0.410849
8.21032
13.6618
9.44099
17.174
21.2934
11.6733
14.7646
4.09955
19.4027
4.09955
16.3048
17.3918
19.4027
-13.7651
8.3375
-13.4539
14.0194
16.139
18.9372
-12.0655
-12.0655
10.7362
14.679
10.7014
0.410849
14.1529
14.7646
0.410849
-13.4539
10.7362
-6.2013
-4.6001
17.174
4.26234
8.97292
21.2934
4.16156
17.174
-5.95314
21.2934
-16.4581
17.174
13.2902
0.0411518
19.4027
19.4027
11.1516
-18.6391
7.12961
-14.2454
17.3918
21.2934
15.732
18.9372
13.6618
13.3939
11.1516
8.45013
15.732
19.4027
9.44099
14.679
7.10087
21.2934
21.2934
18.9372
-3.2527
7.36935
0.410849
16.3048
-6.98169
15.3479
19.4027
19.4027
1.48986
15.3479
9.44099
9.44099
0.267314
7.03399
3.10269
14.679
18.9372
-5.95314
0.410849
13.3803
9.33112
18.9372
8.97292
15.3479
4.09955
14.679
4.09955
9.18505
21.2934
14.7646
7.10087
-16.9878
8.25148
17.658
-12.0655
14.7646
-13.7651
21.2934
7.10087
-14.8229
14.0194
18.9372
14.1529
0.410849
17.174
11.1516
8.3375
-13.4539
-9.68513
21.2934
-15.8711
11.7761
14.7646
21.2934
-9.48356
-16.4581
21.2934
17.174
18.9372
4.56532
-12.3225
16.3048
14.7646
14.0194
11.1516
7.03399
17.174
7.10087
-13.6587
19.4027
9.33112
-10.0965
-6.32416
17.174
14.7646
11.1516
18.9372
9.44099
-2.05919
-14.8229
4.39226
18.9372
16.3048
8.97292
17.174
8.35973
11.7761
-7.07602
-14.8229
9.44099
15.3479
-3.43743
21.2934
19.4027
19.4027
13.6618
3.56441
7.10087
4.09955
11.3777
19.4027
0.434902
7.10087
13.5541
13.6618
14.679
10.2369
11.1516
7.10087
-4.6001
-5.16934
8.01075
-4.6001
-12.0655
19.4027
4.14478
0.0411518
18.9372
19.4027
18.9372
10.7362
4.09955
0.267314
21.2934
21.2934
7.03399
21.2934
21.2934
21.2934
9.33112
21.2934
21.2934
17.3918
-4.6001
11.1516
4.09955
0.434902
10.2369
17.174
16.3048
1.69034
7.10087
21.2934
19.4027
16.3048
7.10087
21.2934
-6.32416
11.7761
11.7761
4.09955
-13.4539
-14.8229
3.10269
21.2934
-10.3213
21.2934
9.84092
11.7761
-5.95314
11.1516
-9.20957
13.2902
-13.4539
16.3048
-5.16934
21.2934
7.10087
0.434902
21.2934
13.3939
14.7646
9.44099
-12.0655
21.2934
21.2934
17.658
19.4027
17.174
17.174
14.7646
-9.43529
-0.0418325
4.56532
10.2369
21.2934
-5.16934
18.9372
9.18505
-5.16934
21.2934
-2.01422
4.09955
17.174
-11.3373
11.1516
18.9372
16.139
10.2369
-18.6391
9.44099
21.2934
11.1516
-12.7343
-4.46532
3.61508
0.410849
4.09955
17.3918
13.6618
10.2369
14.1529
8.3375
0.410849
11.1516
21.2934
7.10087
0.434902
21.2934
21.2934
-5.16934
10.7362
4.19125
7.10087
14.7646
-12.1809
9.44099
21.2934
-10.3213
19.4027
1.69034
-2.64022
11.1516
11.7761
-14.617
0.434902
11.6154
6.94739
-2.60993
0.267314
21.2934
0.0411518
7.10087
21.2934
21.2934
13.6618
21.2934
-10.8401
5.88006
-13.9731
21.2934
-2.93723
0.410849
11.1516
21.2934
11.7761
19.4027
17.3918
17.658
14.7646
8.56011
9.84092
-2.01311
17.174
7.10087
14.7646
17.3918
21.2934
11.1516
11.1516
-2.60993
-13.4539
-14.8229
15.3479
21.2934
3.10269
-19.2254
21.2934
-12.3225
11.1516
3.10269
14.679
18.9372
1.48986
17.174
21.2934
7.10087
18.9372
16.3048
11.1516
7.10087
19.4027
9.44099
11.6154
2.79465
11.1516
14.7646
9.18505
-2.01311
-14.2235
17.3918
11.1516
4.56532
21.2934
11.1516
16.3048
21.2934
4.14478
14.7646
17.174
11.3777
7.10087
11.1516
11.1516
7.92446
2.91286
21.2934
7.10087
14.1529
14.1529
19.4027
8.3375
11.7761
14.1529
11.7761
0.410849
21.2934
-16.4581
14.1529
21.2934
8.97292
18.9372
21.2934
1.69034
11.1516
21.2934
17.174
4.35586
5.52097
-12.0655
14.0194
-12.0655
-16.9878
17.658
11.1516
17.174
21.2934
9.44099
21.2934
21.2934
10.7362
-12.7343
2.14066
14.679
21.2934
-15.8711
17.174
11.1516
-5.95314
-13.6587
0.434902
0.434902
21.2934
10.3216
-13.4539
9.36959
21.2934
14.1529
11.7761
7.36935
-5.16934
10.9591
13.3803
17.174
14.1529
-2.01422
21.2934
7.10087
19.4027
17.3918
8.01075
-16.4581
1.69034
21.2934
-13.4539
-16.4581
-12.7343
19.4027
17.3918
0.410849
7.10087
-5.16934
-5.16934
17.3918
13.7602
13.6618
21.2934
17.174
21.2934
17.658
19.4027
11.1516
0.0411518
7.10087
16.3048
4.56532
4.56532
7.10087
-19.2254
9.33112
9.47875
14.8895
4.09955
7.10087
18.9372
-16.9878
4.09955
3.10269
7.10087
-10.0965
12.1359
9.44099
-18.6391
19.4027
7.10087
11.1516
12.1359
4.09955
17.658
21.2934
14.1529
4.56532
7.10087
-19.2254
7.10087
-12.0655
6.4296
-10.7434
11.1516
5.34444
21.2934
-12.0655
21.2934
10.0292
17.174
-13.4539
13.5541
-16.4581
7.10087
19.4027
17.3918
-6.55033
3.46842
18.9372
11.7761
10.7362
13.6618
14.1529
14.7646
21.2934
18.9372
10.856
8.97292
18.9372
21.2934
19.4027
16.3048
19.4027
21.2934
6.08055
21.2934
7.1574
19.4027
21.2934
7.10087
-13.6587
4.09955
11.1516
21.2934
4.14478
7.10087
16.3048
0.410849
21.2934
11.1516
21.2934
12.1359
11.9139
21.2934
7.10087
21.2934
19.4027
11.7761
11.1516
4.69065
0.410849
19.4027
9.44099
9.44099
17.658
21.2934
-10.0965
11.3777
0.434902
15.3479
18.9372
21.2934
-9.16076
7.10087
17.174
-10.8401
19.4027
7.10087
14.679
4.56532
14.7646
10.856
-5.16934
21.2934
4.56532
-6.32416
19.4027
-2.87449
3.10269
7.10087
19.4027
0.410849
4.56532
14.7646
11.1516
9.18505
21.2934
-19.2254
-18.6391
14.7646
-13.4539
21.2934
8.97292
-10.8401
14.1529
1.38279
21.2934
-5.16934
13.3939
-6.2013
-4.6001
7.10087
21.2934
-12.7343
0.410849
17.174
21.2934
21.2934
17.174
13.2902
21.2934
-7.81766
0.434902
8.56011
13.6618
-17.7311
7.10087
19.4027
9.84092
-5.607
0.434902
-12.0655
0.410849
6.08055
14.7646
4.09955
9.44099
7.10087
7.10087
11.9139
-12.7343
17.174
15.3479
13.2902
14.1529
21.2934
-5.16934
0.434902
21.2934
9.18505
10.0405
-4.6001
18.9372
18.9372
19.4027
4.14478
21.2934
21.2934
4.72687
-0.0418325
21.2934
21.2934
19.4027
14.679
8.97292
-16.4581
21.2934
9.47875
1.10959
-5.95314
9.18505
13.3939
0.0411518
21.2934
-9.43529
14.7646
21.2934
19.4027
14.0194
10.0405
11.1516
15.732
21.2934
8.3375
17.3918
18.9372
7.03399
14.8895
11.9139
-16.9878
7.10087
19.4027
-14.617
18.9372
14.7646
4.39226
10.7362
-4.46532
11.7761
17.174
-13.4539
21.2934
21.2934
11.1516
6.4296
13.6618
13.3939
9.44099
11.7761
11.1516
13.6618
-19.2254
17.174
3.10269
21.2934
0.0411518
14.1529
14.7646
21.2934
0.410849
7.10087
-13.4539
-16.6897
9.18505
14.0194
9.44099
5.12201
17.3918
14.679
-5.16934
1.10959
7.10087
17.658
-13.6587
-4.6001
17.174
14.8895
18.9372
17.174
-14.8229
21.2934
7.72781
9.18505
17.174
0.0411518
21.2934
17.658
-12.0655
21.2934
21.2934
19.4027
13.6618
14.8895
19.4027
7.10087
8.97292
21.2934
7.10087
14.7646
9.44099
-10.0965
1.69034
14.7646
11.1516
0.0411518
11.9348
17.3918
16.139
12.1359
17.174
9.44099
11.7761
-10.8401
21.2934
1.69034
10.856
21.2934
21.2934
18.9372
-13.4539
11.1516
4.09955
9.18505
21.2934
11.1516
8.97292
17.3918
13.5541
14.1529
3.10269
7.10087
19.4027
11.1516
-2.01311
17.174
0.410849
-9.95734
14.1529
19.4027
17.3918
11.6733
21.2934
21.2934
11.9139
4.09955
-14.8229
21.2934
7.10087
19.4027
-10.3213
19.4027
14.7646
1.69034
17.174
17.174
7.10087
17.174
0.803364
6.94739
14.679
17.174
21.2934
19.4027
14.8895
21.2934
21.2934
9.44099
-12.0655
7.03399
18.9372
21.2934
14.1529
17.174
14.679
11.7761
6.69255
17.174
11.6154
-13.4539
0.410849
16.3048
19.4027
-2.01311
18.9372
19.4027
21.2934
4.09955
-13.4539
-19.5632
19.4027
0.410849
0.410849
14.1529
19.4027
19.4027
17.174
10.0405
10.2369
-13.4539
19.4027
4.09955
7.10087
14.1529
10.0405
17.658
15.732
4.09955
0.410849
7.03399
-13.4539
7.10087
21.2934
21.2934
21.2934
21.2934
21.2934
21.2934
-13.4539
4.09955
4.26234
19.4027
-5.607
21.2934
4.56532
21.2934
-2.64022
19.4027
-13.4539
7.10087
19.4027
17.658
21.2934
17.174
11.1516
13.5541
17.174
7.03399
7.10087
21.2934
-9.11058
21.2934
15.732
-18.6391
14.0194
9.18505
9.44099
21.2934
21.2934
17.174
17.174
15.3479
21.2934
9.44099
9.47875
4.56532
4.09955
21.2934
-9.11058
-2.01422
10.2369
0.410849
-1.53593
9.18505
17.658
19.4027
7.42732
7.10087
14.1529
21.2934
21.2934
21.2934
-19.5632
7.10087
4.39226
11.6154
0.410849
11.1516
9.18505
4.56532
7.10087
21.2934
-0.901136
21.2934
19.4027
14.1529
21.2934
4.09955
0.410849
-2.01311
14.7646
-14.2454
7.10087
-4.46532
8.97292
7.10087
14.0194
8.56011
10.7362
21.2934
18.9372
9.84092
21.2934
17.174
17.658
4.09955
11.1516
21.2934
21.2934
13.6618
0.116135
-7.54919
8.25148
-5.16934
21.2934
7.10087
7.10087
-1.53593
19.4027
19.4027
-13.3716
21.2934
18.9372
10.7014
19.4027
-19.5632
19.4027
14.8895
-16.6897
14.7646
0.410849
17.174
5.52097
3.10269
17.174
14.1529
8.25148
21.2934
11.675
-3.2527
0.434902
21.2934
21.2934
19.4027
14.679
21.2934
17.174
14.7646
-9.11058
-19.2254
9.44099
9.18505
17.658
-5.16934
-13.4539
8.3375
9.44099
5.48377
19.4027
3.56441
17.174
9.44099
18.9372
10.7362
-19.2254
-12.3269
14.0194
19.4027
21.2934
14.679
5.52097
-10.9147
15.3479
13.7602
-6.32416
-6.55033
17.658
21.2934
10.7014
11.1516
-8.80308
9.18505
-2.01422
7.10087
-13.7651
19.4027
-12.7343
-12.3269
-5.16934
-4.6001
19.4027
7.10087
-8.64472
21.2934
-13.7651
14.679
13.2902
21.2934
-19.2254
14.679
19.4027
17.658
13.7602
2.31395
7.10087
21.2934
10.0405
8.3375
21.2934
0.410849
14.7646
17.3918
4.09955
7.10087
13.7602
8.97292
16.3048
8.3375
21.2934
-2.01422
11.3777
17.174
11.6154
-5.40692
21.2934
11.1516
18.9372
8.10372
17.3918
-4.6001
9.84092
0.410849
17.174
3.10269
16.3048
18.9372
7.03399
21.2934
-14.8229
11.1516
8.97292
-12.0655
8.97292
17.658
16.3048
13.6618
21.2934
21.2934
8.3375
-5.95314
14.1529
-12.3269
-6.98169
19.4027
18.9372
11.9139
11.7761
4.09955
10.0405
10.7014
21.2934
9.18505
18.9372
17.174
-10.9738
15.3479
21.2934
1.69034
7.10087
-9.95734
-15.8882
9.44099
14.7646
-10.7434
-11.3373
14.7646
4.09955
11.1516
15.3479
6.22863
14.8895
7.10087
21.2934
11.1516
9.44099
-4.44189
9.18505
19.4027
19.4027
15.732
21.2934
-12.0655
21.2934
14.1529
21.2934
-9.3056
11.3777
0.434902
-5.16934
17.174
14.7646
3.61081
14.679
-12.0655
21.2934
10.7014
0.434902
10.856
-18.6391
11.9348
8.9317
11.1516
4.09955
11.1516
11.1516
14.7646
19.4027
8.25148
17.174
7.10087
3.96587
6.51369
9.44099
9.71293
21.2934
21.2934
-5.64088
9.44099
-13.4539
17.174
-5.95314
-16.6897
-14.617
14.1529
16.3048
17.658
7.36935
13.3803
11.7761
11.1516
1.10959
3.10269
8.10372
21.2934
21.2934
9.84092
11.1516
7.10087
1.69034
14.679
2.91286
16.3048
4.14478
-6.32416
19.4027
14.7646
18.9372
19.4027
15.732
-6.55033
8.3375
13.2902
0.410849
-13.7651
17.174
9.18505
4.56532
4.19125
13.2902
9.44099
9.18505
11.1516
-17.7311
21.2934
-5.16934
15.732
8.34745
21.2934
10.7014
11.1516
-1.02247
14.7646
18.9372
-13.9731
0.267314
-18.6391
7.10087
21.2934
-6.62777
21.2934
18.9372
18.9372
10.856
-14.8229
21.2934
-19.5632
11.1516
8.35973
-15.8882
-5.95314
-2.60993
14.7646
14.7646
-12.0655
14.8895
17.658
9.33112
17.174
-13.4539
14.1529
11.1516
-4.46532
14.7646
-12.0655
13.7602
9.44099
-5.16934
8.97292
7.10087
-13.4539
21.2934
-16.4581
9.44099
21.2934
-4.6001
14.8895
18.9372
0.434902
2.31395
18.9372
4.16156
10.856
11.1516
9.44099
7.10087
8.9317
-5.16934
21.2934
0.434902
21.2934
-5.95314
21.2934
17.3918
17.174
21.2934
18.9372
21.2934
11.1516
8.3375
11.1516
6.08055
11.1516
17.174
21.2934
0.434902
21.2934
-1.31636
8.25148
9.71293
11.1516
-6.2013
8.97292
0.434902
-5.69626
17.174
21.2934
-5.16934
15.3479
8.97292
-16.4581
7.10087
-2.64022
9.84092
-6.55033
7.10087
21.2934
21.2934
9.44099
-5.16934
21.2934
17.174
14.0194
19.4027
14.7646
11.1516
3.96587
7.10087
4.09955
7.10087
15.732
21.2934
9.44099
11.675
0.410849
21.2934
19.4027
0.410849
11.1516
15.732
4.58378
14.7646
0.803364
7.10087
21.2934
-2.64022
7.10087
10.0292
11.1516
9.18505
4.09955
0.410849
14.1529
11.1516
-9.43529
21.2934
21.2934
-19.2254
7.10087
-14.617
11.1516
4.09955
14.8895
9.44099
14.1529
12.1359
7.10087
-9.11058
14.7646
14.7646
0.0411518
14.0194
0.434902
2.14066
8.97292
21.2934
14.1529
9.33112
19.4027
-16.9878
21.2934
21.2934
0.434902
7.10087
21.2934
18.9372
11.1516
11.9348
9.44099
16.139
4.39226
-13.3716
6.4296
15.3479
11.1516
21.2934
18.9372
0.0411518
-19.5632
13.7602
17.174
19.4027
21.2934
9.44099
-13.7651
7.10087
21.2934
11.6154
14.679
-4.6001
9.18505
21.2934
0.410849
-5.16934
4.67553
7.42732
19.4027
-16.6897
21.2934
-12.0655
14.1529
11.3777
-4.6001
-13.4539
19.4027
-4.6001
15.3479
10.7362
17.174
11.675
6.66098
14.679
11.1516
13.2902
17.174
13.5541
17.174
11.1516
6.4296
18.9372
-8.46141
0.434902
21.2934
0.410849
4.14478
-16.4581
6.4296
9.44099
8.97292
9.44099
8.3375
11.7761
18.9372
11.1516
17.174
21.2934
11.1516
-2.01311
0.410849
7.10087
21.2934
14.0194
21.2934
-5.95314
-5.95314
-6.98169
14.679
17.3918
15.732
7.03399
-16.9878
-9.11058
-14.8229
9.18505
-7.54919
8.21032
17.174
15.732
21.2934
-13.6587
17.174
4.09955
14.679
19.4027
14.7646
4.09955
4.39226
11.7761
13.5541
21.2934
4.09955
5.88006
14.7646
14.1529
-2.01422
-12.0655
-4.6001
21.2934
21.2934
9.44099
17.174
21.2934
8.97292
7.03399
-13.7651
0.434902
10.856
17.3918
2.14066
18.9372
-19.2254
2.34426
9.18505
-0.0418325
21.2934
-5.64088
12.1359
0.803364
17.174
21.2934
21.2934
7.92446
13.3803
21.2934
15.732
-16.4581
-19.2254
9.18505
15.732
3.10269
7.10087
21.2934
-13.7651
14.7646
19.4027
8.9317
19.4027
8.01075
7.10087
-5.31237
19.4027
13.7602
-12.0655
7.10087
17.174
0.410849
-14.8229
14.7646
18.9372
-14.8229
-10.8401
11.1516
14.7646
14.7646
-5.16934
-2.01311
11.1516
18.9372
1.69034
-5.16934
18.9372
13.3939
21.2934
-14.8229
13.5541
21.2934
8.10372
19.4027
21.2934
-16.4581
21.2934
-3.2527
-19.2254
7.10087
11.1516
3.10269
0.803364
14.7646
21.2934
18.9372
21.2934
21.2934
21.2934
-15.8711
-2.64022
4.14478
0.267314
13.5541
7.03399
17.174
11.1516
0.410849
-4.6001
-10.4355
10.0508
-6.55033
19.4027
8.3375
-3.67551
19.4027
-6.55033
-12.3269
15.732
-16.9878
15.732
19.4027
-16.4581
19.4027
4.56532
4.56532
1.69034
-6.2013
0.410849
8.97292
6.4296
-2.01422
3.10269
14.7646
17.3918
-6.32416
0.410849
10.856
-6.55033
5.52097
0.410849
18.9372
19.4027
21.2934
-16.4581
21.2934
7.10087
0.434902
21.2934
17.174
-12.0655
17.174
5.27872
19.4027
18.9372
14.1529
21.2934
11.1516
17.3918
4.09955
14.679
-4.23455
10.9759
21.2934
19.4027
16.139
-0.0418325
21.2934
-5.16934
15.732
14.1529
9.44099
19.4027
6.9467
17.658
21.2934
18.9372
-16.6897
8.3375
11.1516
21.2934
10.856
1.94215
14.0194
14.7646
17.174
21.2934
18.9372
-19.5632
7.03399
7.10087
21.2934
9.44099
21.2934
9.44099
-10.0965
21.2934
-18.6391
9.84092
3.10269
-14.8229
-6.98169
21.2934
5.57708
-2.01422
-19.5632
-16.6897
0.410849
11.1516
-5.16934
17.3918
-2.64022
21.2934
0.434902
11.1516
17.658
0.434902
-9.11058
-0.901136
21.2934
21.2934
17.174
0.410849
16.3048
2.14066
8.45013
21.2934
21.2934
19.4027
-9.6814
17.174
19.4027
1.69034
13.3939
17.3918
16.3048
10.7014
-6.55033
9.44099
21.2934
10.7362
1.49858
-19.5632
-4.6001
9.44099
7.10087
9.44099
17.174
21.2934
17.174
17.3918
-12.0655
15.732
14.7646
21.2934
8.01075
14.8895
7.10087
7.10087
16.3048
4.56532
11.1516
16.3048
11.1516
9.44099
17.658
4.26234
17.3918
17.658
17.658
13.7602
14.679
-19.5632
10.7362
17.174
18.9372
8.9651
-12.0655
21.2934
14.1529
13.7602
18.9372
11.1516
0.434902
21.2934
-13.4539
21.2934
-13.4539
21.2934
18.9372
21.2934
11.1516
14.679
7.10087
11.9139
11.1516
9.01886
-19.2254
-12.0655
21.2934
7.10087
14.0194
7.42732
-13.3716
16.3048
-12.3225
-4.6001
-4.6001
21.2934
11.675
21.2934
0.410849
21.2934
7.92446
19.4027
17.174
17.174
5.52097
11.6733
7.10087
16.139
14.1529
14.679
10.7014
7.10087
0.410849
19.4027
-9.11058
4.16156
9.18505
9.44099
4.16156
-12.3269
17.3918
17.658
4.09955
13.3803
7.10087
21.2934
16.3048
-5.40692
7.10087
7.10087
14.0194
-12.2737
-12.0655
-14.8229
-6.32416
14.1529
13.6618
5.52097
0.434902
21.2934
14.8895
6.4296
16.139
0.434902
10.2369
8.01075
8.97292
21.2934
14.8895
11.1516
11.1516
21.2934
19.4027
19.4027
0.410849
9.44099
14.7646
3.56441
9.44099
21.2934
10.856
7.12961
17.174
0.410849
-2.01422
15.3479
21.2934
19.4027
11.1516
21.2934
4.09955
-5.16934
4.16156
-9.20957
17.174
2.08272
21.2934
4.09955
11.9348
21.2934
9.18505
8.18561
-0.901136
17.174
19.4027
-14.8229
19.4027
11.1516
10.7362
-11.6961
17.174
21.2934
11.7761
7.36935
-13.4539
-13.7651
0.410849
-6.98169
11.1516
19.4027
15.3479
7.10087
-8.49945
2.08272
0.0411518
15.732
-15.8711
17.658
2.14066
13.5541
-6.55033
21.2934
-16.9878
21.2934
11.1516
9.18505
18.9372
3.10269
13.5541
9.44099
18.9372
-9.95734
2.12468
10.7362
0.410849
7.42732
21.2934
-7.54919
21.2934
9.44099
-16.6897
-4.6001
16.3048
-5.16934
7.10087
8.97292
-2.93723
-13.4539
8.10372
-14.6353
11.1516
7.43608
21.2934
9.47875
2.14066
17.174
11.7761
-16.4581
-2.01311
4.09955
19.4027
-4.6001
21.2934
4.56532
-4.6001
4.09955
17.658
21.2934
11.1516
14.1529
21.2934
17.174
11.1516
12.2568
8.35973
17.174
19.4027
18.9372
17.174
7.10087
-10.8401
18.9372
-6.32416
9.44099
0.410849
7.10087
-12.7343
14.7646
-6.55033
9.71293
21.2934
21.2934
17.174
-14.8229
17.658
18.9372
8.01075
-13.4539
17.174
9.18505
8.3375
8.97292
4.29222
-10.8401
19.4027
17.658
4.39226
16.139
19.4027
17.174
13.5541
10.9759
8.97292
21.2934
4.09955
16.3048
0.0411518
14.679
17.3918
-6.55033
0.410849
19.4027
8.10372
18.9372
19.4027
7.10087
19.4027
21.2934
-12.7343
-2.01311
21.2934
21.2934
7.10087
7.10087
10.9591
14.7646
21.2934
21.2934
11.1516
19.4027
19.4027
-5.95314
9.44099
19.4027
14.7646
13.5541
21.2934
10.7362
11.1516
17.658
-13.3716
-19.5632
17.174
14.1529
-9.11058
-4.6001
8.3375
19.4027
21.2934
21.2934
14.7646
17.174
21.2934
7.10087
15.3479
19.4027
8.97292
-16.9878
10.856
4.09955
11.675
-19.5632
-18.6391
9.84092
11.3777
-9.11058
7.10087
16.139
11.675
14.679
8.97292
0.410849
7.10087
11.7761
0.410849
0.410849
-14.8229
19.4027
-14.8229
4.09955
-6.32416
11.6154
16.139
11.3777
14.0194
10.0405
9.44099
0.410849
21.2934
19.4027
4.09955
19.4027
10.856
14.7646
-13.7651
-1.53593
4.09955
18.9372
-2.47655
-2.64022
13.5541
18.9372
17.174
14.679
17.3918
8.97292
18.9372
9.18505
9.33112
7.10087
-19.2254
0.410849
-4.6001
7.10087
13.7602
-4.6001
17.174
3.10269
21.2934
14.8895
19.4027
9.44099
-4.6001
7.10087
17.3918
-4.6001
11.1516
-19.5632
14.679
21.2934
14.7646
0.410849
11.1516
11.3777
-2.01311
21.2934
21.2934
10.0405
17.174
-16.6897
14.7646
21.2934
-4.6001
4.09955
-13.7651
13.6618
4.09955
-3.25247
2.79465
21.2934
0.410849
18.9372
19.4027
4.1222
11.6733
19.4027
7.36935
17.174
21.2934
21.2934
8.3375
7.10087
8.97292
0.434902
-18.6391
4.09955
21.2934
-9.11058
14.1529
0.410849
7.10087
14.7646
21.2934
4.14478
9.44099
19.4027
7.10087
19.4027
21.2934
19.4027
18.9372
11.1516
-4.6001
0.434902
17.174
3.56441
7.10087
14.679
11.1516
11.7761
15.3479
3.10269
-4.6001
14.679
-5.95314
8.3375
17.3918
21.2934
11.1516
7.10087
10.3216
4.14478
14.1529
-2.01422
-5.16934
14.1529
21.2934
-6.32416
8.01075
8.3375
21.2934
0.0411518
21.2934
14.7646
-13.4539
4.26234
9.84092
0.410849
21.2934
10.9591
-2.01311
-5.16934
7.10087
14.1529
-15.8711
-2.93723
-5.16934
15.3479
17.174
21.2934
0.410849
17.174
17.174
-2.64022
0.434902
18.9372
21.2934
0.0411518
14.679
17.174
17.658
8.10372
4.09955
21.2934
8.3375
9.47875
8.97292
-12.2737
21.2934
21.2934
7.10087
9.44099
19.4027
21.2934
4.09955
21.2934
-19.2254
8.86632
14.1529
9.44099
-7.88582
0.0411518
8.97292
-0.901136
7.10087
21.2934
7.72781
-12.0655
17.658
-8.49945
-12.7343
-5.16934
4.39226
9.18505
21.2934
17.3918
8.45013
12.2568
19.4027
19.4027
4.09955
19.4027
4.09955
-14.8229
9.44099
-9.11058
15.3479
10.9591
17.174
4.09955
-6.98169
6.4296
-3.4922
-5.95314
14.1529
9.44099
-5.16934
14.8895
17.3918
-5.16934
12.1359
9.44099
6.4296
7.36935
14.1529
0.434902
-12.0655
10.856
19.4027
4.39226
6.13729
11.1516
10.7362
11.1516
7.10087
6.08055
-10.5683
-9.20957
11.3777
17.174
21.2934
14.1529
2.14066
0.803364
9.44099
21.2934
14.1529
9.44099
14.679
-5.95314
21.2934
-16.6897
-5.95314
21.2934
16.139
17.174
21.2934
21.2934
-4.6001
11.7761
7.10087
-0.901136
21.2934
16.3048
18.9372
8.9317
19.4027
11.1516
-19.2254
-2.01311
6.4296
14.7646
17.174
17.658
-6.32416
7.7352
12.1359
11.1516
7.03399
15.732
0.410849
17.658
18.9372
13.2902
9.18505
2.08272
10.7362
-13.3716
-2.01311
6.23264
-9.11058
-6.32416
7.43608
7.10087
19.4027
21.2934
21.2934
19.4027
-3.2527
11.1516
-3.09717
21.2934
-18.6391
21.2934
14.679
7.36935
16.139
-4.6001
11.1516
4.09955
21.2934
-9.95734
11.1516
11.675
14.8895
21.2934
17.174
-14.8229
21.2934
-4.6001
-18.6391
12.2568
-5.16934
15.3479
17.3918
0.434902
10.7362
14.679
-12.3225
11.3777
-4.6001
19.4027
19.4027
16.139
14.8895
4.35586
21.2934
-5.64088
9.18505
19.4027
9.44099
11.1516
17.658
21.2934
8.97292
7.10087
18.9372
0.267314
17.174
-14.8229
9.84092
10.856
21.2934
10.7362
4.83109
4.14478
8.97292
-4.46532
-2.64022
-5.64088
14.1529
2.12468
9.18505
-18.6391
11.1516
2.08272
18.9372
-7.47739
8.3375
11.1516
-4.6001
10.856
19.4027
-18.6391
7.10087
21.2934
-14.8229
-0.0418325
18.9372
-16.4581
16.139
17.174
21.2934
9.44099
14.1529
4.09955
11.1516
-2.05919
-0.44839
17.174
-12.7343
0.0411518
8.97292
11.1516
21.2934
14.8895
-14.8229
21.2934
-5.16934
17.658
18.9372
4.16156
17.658
17.174
14.7646
4.09955
13.7602
8.35973
0.410849
8.97292
11.7761
11.9139
19.4027
11.7761
-5.95314
19.4027
14.1529
21.2934
0.434902
-3.67551
10.2369
-12.3225
3.96587
9.18505
7.7352
17.174
9.44099
10.0405
21.2934
-1.53593
0.410849
21.2934
17.174
17.174
19.4027
-19.2254
-14.8229
4.39226
18.9372
18.9372
21.2934
11.1516
-6.55033
3.10269
19.4027
21.2934
7.10087
17.174
14.679
0.267314
9.44099
9.44099
12.1359
17.3918
19.4027
5.52097
-1.02247
11.1516
-5.16934
11.1516
8.3375
9.84092
9.18505
15.3479
21.2934
21.2934
13.3939
0.410849
21.2934
9.84092
-2.01311
19.4027
0.0411518
-2.60993
-7.47739
13.2902
11.1516
4.09955
10.184
11.9139
6.13729
9.44099
-19.2254
-12.0655
0.799751
14.7646
16.3048
17.658
11.1516
15.732
-13.3716
3.56441
0.0411518
-19.5632
17.174
10.7362
17.3918
21.2934
17.174
3.46842
17.174
14.7646
18.9372
21.2934
18.9372
17.174
11.9139
-10.8401
-6.62777
14.7646
21.2934
4.56532
4.56532
17.3918
-2.35918
15.3479
-10.8401
17.658
14.7646
-6.1331
21.2934
-0.0418325
-9.11058
14.1529
-3.09717
7.10087
14.7646
2.12468
-13.4539
13.7602
9.18505
4.09955
-2.35918
-5.95314
19.4027
4.09955
4.09955
14.1529
-2.01311
9.44099
18.9372
7.10087
14.679
13.5541
4.56532
0.0411518
14.679
17.174
0.410849
-5.95314
11.7761
21.2934
21.2934
21.2934
21.2934
5.13545
7.72781
-3.2527
4.39226
8.3375
21.2934
18.9372
-16.4581
17.174
0.410849
-12.0655
8.97292
7.10087
19.4027
21.2934
4.56532
17.174
-13.4539
19.4027
21.2934
-17.7311
9.18505
5.57708
11.675
7.03399
14.7646
0.410849
11.1516
15.3479
-5.95314
14.0194
21.2934
13.6618
-13.4539
14.679
14.1529
-2.93723
0.267314
13.5541
10.3216
-6.32416
14.1529
-14.8229
7.03399
13.6618
14.679
8.97292
13.7602
17.3918
9.18505
21.2934
7.10087
21.2934
21.2934
11.1516
13.3803
-5.31237
15.732
8.01075
14.7646
4.09955
7.10087
-13.6587
11.1516
21.2934
13.7602
17.174
21.2934
9.44099
21.2934
14.7646
11.675
-0.901136
21.2934
-10.0965
7.10087
19.4027
17.174
17.3918
-19.5632
14.679
-13.4539
4.14478
-14.8229
14.7646
10.856
21.2934
4.09955
17.174
13.6618
13.2902
17.658
14.7646
0.434902
9.18505
21.2934
3.10269
10.7014
21.2934
-5.64088
-5.95314
19.4027
8.97292
11.9139
-10.8401
21.2934
10.7014
8.97292
19.4027
16.139
14.679
11.1516
14.1529
-4.46532
-19.2254
9.47875
0.434902
-15.8711
6.13729
17.174
2.14066
21.2934
9.71293
14.1529
-5.16934
5.57708
9.18505
21.2934
-5.95314
18.9372
-4.46532
17.174
9.18505
9.44099
4.09955
-5.95314
21.2934
9.18505
21.2934
-7.88582
-6.55033
21.2934
19.4027
18.9372
21.2934
11.1516
11.1516
21.2934
8.97292
21.2934
19.4027
12.1359
21.2934
21.2934
21.2934
21.2934
16.3048
15.732
8.35973
21.2934
11.1516
17.174
-6.2013
15.3479
21.2934
2.14066
-5.02985
1.48986
-17.7311
11.1516
21.2934
21.2934
11.9139
11.1516
18.9372
15.3479
18.9372
11.1516
-2.01311
-12.0655
16.3048
21.2934
-1.02247
19.4027
11.1516
9.18505
14.7646
21.2934
11.1516
14.7646
9.44099
-3.2527
14.7646
21.2934
7.10087
11.1516
11.9139
4.56532
21.2934
7.10087
9.44099
0.410849
0.434902
-2.01311
3.10269
21.2934
9.44099
13.2902
9.44099
7.10087
-3.67551
21.2934
4.09955
16.3048
