64.5914
-35.1905
-65.1538
-71.6369
-51.2753
45.3338
31.8122
-65.1538
-27.043
7.17594
23.037
-27.289
-58.7583
-131.105
-3.95219
16.6603
-27.043
-24.4038
-83.5795
-52.5728
27.8058
-16.9402
-52.5728
-27.043
-131.105
-83.5795
7.40374
35.7422
-52.5728
5.02954
5.02954
-27.289
-27.289
-24.4038
-83.5795
34.6622
21.7648
21.7648
-52.5728
133.217
-35.1905
12.8968
-79.8245
-12.0287
-17.4983
-52.5728
20.8977
-52.5728
-52.5728
-13.9385
-52.5728
-65.1538
-4.37033
23.3408
-65.1538
-35.1905
-25.5524
-83.5795
23.3408
-35.1905
-159.387
-58.7583
-3.06961
61.62
-24.4038
-52.5728
-52.5728
-11.4403
5.02954
-15.4884
-4.37033
-14.7012
-52.5728
59.2943
-35.1905
-150.641
13.727
61.62
-24.4038
15.3323
61.62
-37.5145
-65.1538
-3.95219
11.7266
75.2975
-37.5145
31.8122
0.788471
5.84544
-4.27858
-52.5728
14.5803
-83.5795
61.62
-65.1538
-36.6066
1.30236
-51.2753
-27.3177
-12.0458
-52.5728
-51.2753
-2.36522
-65.1538
-52.5728
5.02954
51.3898
-52.5728
-52.5728
-4.27858
-3.06961
-27.3177
-27.043
45.3338
-4.37033
-25.7754
-35.1905
-35.1905
31.8122
71.3222
11.0988
-52.5728
-24.4038
-83.5795
-83.5795
59.2943
-19.9077
61.62
45.3338
-83.5795
-52.5728
-27.043
-52.5728
-20.161
-8.37957
35.7422
-12.0287
165.844
-51.2753
-4.37033
21.1687
-65.1538
61.62
-25.6152
27.8058
-27.043
-2.36522
15.5081
-159.387
21.8126
-25.7754
45.3338
-65.1538
-7.63675
12.8968
-51.2753
-4.37033
21.7648
-2.95185
5.02954
0.788471
-52.5728
-171.839
-4.27858
-14.701
45.3338
18.0563
-24.4038
23.3408
2.8212
0.155144
61.62
34.6622
-52.5728
64.5914
-4.35411
-83.5795
-4.37033
6.22574
-52.5728
-25.7754
-65.1538
6.22574
-4.37033
19.3243
-6.55774
-65.1538
-52.5728
-27.043
19.2215
-51.2753
-25.7754
-25.7754
35.7422
14.8292
-4.37033
-83.5795
-58.7583
-65.1538
-24.4038
-25.7754
165.844
-10.9935
-35.1905
19.2215
-24.4038
1.82303
-131.105
-52.5728
-24.4038
28.4475
-83.5795
-52.5728
-24.4038
-52.5728
-83.5795
-20.161
-52.5728
-3.17542
-27.043
-52.5728
-17.5847
-31.4766
-16.4978
-24.4038
-12.0287
-24.4038
-52.5728
18.5876
-83.5795
-14.9972
-52.5728
-12.0287
-83.5795
-12.0287
-25.7754
61.62
-37.5145
21.7648
-13.9385
-27.043
-37.5145
21.7648
-35.1905
-4.37033
-6.55774
-12.0287
15.5081
165.844
-3.06961
-83.5795
-4.37033
-6.55774
-3.06961
7.17594
-7.78216
-83.5795
-35.1905
-24.4038
39.9699
-36.0833
-24.4038
-16.4978
-12.0564
-12.8155
133.217
-52.5728
34.6622
31.8122
-65.1538
-52.5728
3.26794
31.8122
-65.1538
-83.5795
-150.641
-4.37033
17.1655
-83.5795
-35.1905
-52.5728
-65.1538
61.62
-27.043
-12.0902
-51.2753
-83.5795
-35.1905
18.8521
-65.1538
-65.1538
-27.043
-159.387
-52.5728
-65.1538
-16.4978
-25.7754
-24.4038
-14.0003
14.5803
-65.1538
-31.4766
34.6622
4.11265
-58.7583
-65.1538
-52.5728
61.62
-21.0243
-52.5728
59.2943
-4.27858
-36.0833
-150.641
-35.1905
-12.0287
-65.1538
-4.27858
-35.1905
23.037
-27.043
-65.1538
133.217
4.45105
-4.37033
-58.7583
-52.5728
-12.0287
-27.043
-36.6066
14.7282
-52.5728
-8.37957
0.34607
-52.5728
21.7648
71.3222
-21.394
9.65043
-35.1905
-24.4038
-131.105
-51.2753
18.8521
133.217
4.11265
-24.4038
-58.7583
59.2943
59.2943
22.1742
-24.4038
-35.1905
15.2732
-20.161
-24.4038
-52.5728
-169.227
-27.043
-7.97729
-52.5728
-36.0833
-58.7583
-52.5728
45.3338
7.08619
-52.5728
-131.105
-65.1538
-164.179
59.2943
-1.92367
-52.5728
-71.6369
-71.6369
-4.37033
-36.0833
-83.5795
-36.6066
-27.289
-8.02744
-27.043
-25.7754
-58.7583
39.9699
-27.043
-52.5728
-52.5728
-52.5728
-65.1538
16.6603
-52.5728
-65.1538
-150.641
-24.4038
12.8968
-159.387
-52.5728
59.2943
-75.4958
-52.5728
-7.94113
-131.105
61.62
-4.37033
18.2131
-52.5728
-82.1759
-131.105
-12.8155
-52.5728
21.8126
-159.387
19.3243
-51.2753
-51.2753
15.5081
-58.7583
15.3323
28.4475
11.5841
-36.0833
-4.37033
-35.1905
-79.8245
45.3338
21.7648
-65.1538
-35.1905
-52.5728
-52.5728
-1.92367
-24.4038
7.17594
21.7648
-0.28537
-24.4038
18.2131
-2.52126
-6.55774
-83.5795
133.217
-52.5728
-65.1538
21.7648
5.02954
-159.387
-58.7583
9.43171
-20.161
-35.1905
-52.5728
-150.641
5.02954
-36.6066
-52.5728
-83.5795
-1.92367
-12.0287
61.62
-65.1538
-83.5795
-24.4038
-52.5728
-52.5728
-150.641
-58.7583
-52.5728
-24.4038
-5.73711
-52.5728
-150.641
-4.37033
-19.9077
154.868
-21.394
-36.6066
21.7648
-27.289
-27.043
-25.7754
-19.9077
-150.641
-131.105
-52.5728
-83.5795
-16.2353
-6.55774
-52.5728
-36.0833
-14.701
45.3338
-65.1538
-52.5728
35.7422
-79.8245
-24.4038
-36.0833
-6.2051
-65.1538
-25.7754
23.3408
-27.043
13.1131
-52.5728
5.02954
-52.5728
-25.5524
-24.4038
-4.37033
-8.02744
-4.37033
28.9503
-52.5728
133.217
59.2943
-27.043
-52.5728
-36.6066
-24.4038
-65.1538
-12.8155
-65.1538
161.968
-58.7583
-27.043
45.3338
0.0901161
-27.043
-27.289
-52.5728
-83.5795
-52.5728
133.217
-5.32324
-35.1905
-35.1905
-35.1905
3.26794
-4.37033
-24.4038
34.6622
-27.043
-3.06961
-150.641
-37.5145
9.97936
-27.043
-83.5795
17.9264
-83.5795
9.97936
-16.2353
17.1655
24.6899
51.3898
-83.5795
-52.5728
-27.043
-19.9077
59.2943
39.9699
24.6899
-24.4038
-52.5728
161.968
45.3338
59.2943
15.2524
28.4475
-65.1538
-3.06961
-36.0833
61.62
-25.7001
154.868
-12.0287
-52.5728
-65.1538
-35.1905
21.7648
-52.5728
-7.76178
-83.5795
-24.4038
-52.5728
-52.5728
-52.5728
-52.5728
27.8058
13.3453
-24.4038
-65.1538
-52.5728
-27.043
-35.1905
-3.06961
154.868
-52.5728
22.1742
-16.4978
-83.5795
-65.1538
-5.32324
31.8122
-52.5728
-65.1538
6.61196
-58.7583
-24.4038
61.62
19.2215
-20.161
-167.178
-35.1905
-79.8245
23.037
-52.5728
51.3898
-83.5795
-52.5728
-164.179
-2.36522
-52.5728
-4.37033
-20.6489
23.3408
-78.0343
15.5081
9.43171
-21.394
3.88386
-52.5728
-7.76178
-65.1538
-24.4038
71.3222
61.62
-35.1905
-159.387
-65.1538
-4.37033
-52.5728
-35.1905
-27.043
-65.1538
6.22574
19.2215
-164.179
-4.37033
-131.105
20.8977
-4.37033
5.02954
17.1655
-12.0287
-24.4038
-9.48166
-35.1905
-35.1905
-83.5795
-27.043
5.02954
-52.5728
61.62
-24.4038
19.2215
-65.1538
-83.5795
-131.105
-83.5795
-52.5728
15.7499
-131.105
-24.4038
-58.7583
-1.92367
-35.1905
-51.2753
5.02954
21.7648
-20.161
-52.5728
-25.7754
-150.641
-4.37033
5.02954
-52.5728
-83.5795
-83.5795
61.62
-83.5795
-3.06961
-27.043
-27.043
-52.5728
-35.1905
-52.5728
-65.1538
7.40374
-164.179
-79.8245
-36.0833
28.4475
-71.6369
21.7648
1.30236
-164.179
-12.0287
-16.2353
-4.37033
31.8122
-83.5795
23.037
9.97936
-4.37033
15.2524
59.2943
-65.1538
-52.5728
-52.5728
35.7422
-52.5728
-52.5728
1.30236
-65.1538
-51.2753
-27.043
-52.5728
15.7499
-83.5795
34.6622
64.5914
21.7648
-65.1538
-75.4958
-24.4038
-12.0287
59.2943
-52.5728
-51.2753
-4.37033
-6.55774
-0.350038
-52.5728
-4.37033
-25.7754
22.1742
61.62
-71.6369
-52.5728
161.968
61.62
-35.1905
-65.1538
-52.5728
-24.4038
-131.105
-58.7583
21.7648
-52.5728
-35.1905
-131.105
15.5081
-131.105
21.7648
-4.37033
-58.7583
5.02954
-65.1538
1.30236
161.968
15.5081
-12.0287
-52.5728
-25.5524
-24.4038
-27.043
-24.4038
-24.4038
-150.641
-83.5795
161.968
-35.1905
61.62
-27.3177
-65.1538
133.217
21.7648
-6.55774
-27.043
-52.5728
-10.9935
-12.0458
-159.387
-20.7528
-27.289
-52.5728
-6.55774
-71.6369
-12.8155
-35.1905
-58.7583
-52.5728
-20.161
19.3243
-58.7583
-3.65081
-83.5795
23.3408
-83.5795
-12.8155
-25.7001
15.5081
59.2943
-35.1905
5.02954
45.3338
-24.4038
-75.4958
39.9699
-27.043
-12.0287
39.9699
-35.1905
18.8521
61.62
-35.1905
-51.2753
21.7648
-52.5728
-58.7583
-22.5246
-27.043
-52.5728
28.9503
-58.7583
-71.6369
45.3338
-52.5728
-22.5246
-36.0833
-52.5728
21.1687
-24.4038
-83.5795
-10.4439
-52.5728
-52.5728
-164.179
-12.8155
-20.161
-37.5145
45.3338
-52.5728
45.3338
-36.0833
6.62653
-83.5795
-52.5728
-31.4766
-12.0287
-3.06961
-4.37033
-52.5728
24.7546
-3.06961
-65.1538
-24.4038
-65.1538
-83.5795
-27.043
27.8058
-4.27858
19.3243
-71.6369
19.2215
12.1644
23.3408
-83.5795
-17.4647
-131.105
-25.7754
-131.105
-167.178
4.3721
4.40553
-169.227
-83.5795
-11.5047
2.35617
1.30236
-52.5728
-65.1538
-83.5795
-52.5728
-83.5795
-159.387
45.3338
59.2943
5.02954
-52.5728
-12.8155
154.868
7.17594
-4.37033
-11.1149
-58.7583
-4.37033
-27.043
9.97936
-35.1905
-81.1526
-17.5847
-37.5145
15.1993
-71.6369
-52.5728
-52.5728
-3.06961
-8.02744
5.02954
-52.5728
-36.6066
-52.5728
61.62
35.7422
-35.1905
-82.1759
-35.1905
64.5914
4.40553
-25.7754
-131.105
5.02954
-27.043
-65.1538
-131.105
-83.5795
-65.1538
-52.5728
51.3898
-65.1538
-27.3177
-65.1538
23.3408
-24.4038
-52.5728
-37.5145
-51.2753
-52.5728
-52.5728
15.5081
-3.06961
-25.5524
-83.6481
-24.4038
45.3338
-31.4766
59.2943
-27.043
-51.2753
-52.5728
39.9699
23.037
-52.5728
-4.37033
-12.8155
-12.0287
31.8122
-27.043
59.2943
-24.4038
-35.1905
-83.5795
-25.6152
-65.1538
-65.1538
-36.0833
-52.5728
-65.1538
-4.37033
-20.6489
-24.4038
15.5081
-16.4749
-65.1538
39.9699
7.40374
59.2943
-65.1538
-58.7583
-12.0287
-65.1538
-1.36254
-52.5728
-25.7754
4.40553
23.3408
-12.0458
-75.4958
61.62
20.8977
-52.5728
61.62
-52.5728
45.3338
-20.6489
0.155144
-2.52126
-51.2753
-65.1538
-24.4038
45.3338
-58.7583
-4.27858
-4.37033
-12.0287
-35.1905
-20.161
1.30236
23.3408
-24.4038
5.02954
-8.37957
-6.55774
-36.0833
-52.5728
-52.5728
9.43171
-2.36522
-58.7583
-27.043
-16.4978
-24.4038
-131.105
-6.55774
133.217
-131.105
-52.5728
-83.5795
15.5081
0.788471
-52.5728
-24.4038
-52.5728
-150.641
-4.37033
-4.37033
-16.8654
-78.0343
15.7499
-52.5728
51.3898
-12.0564
71.3222
-65.1538
-52.5728
172.337
-58.7583
16.6603
-83.5795
17.1655
-58.7583
-52.5728
-52.5728
35.7422
-35.1905
165.844
-58.7583
-19.9077
-52.5728
-27.043
-65.1538
-4.37033
-150.641
61.62
-52.5728
-83.5795
161.968
-83.5795
-131.105
-35.1905
-52.5728
-9.48166
-12.0287
-20.161
-24.4038
-52.5728
-24.4038
23.037
-83.5795
-35.1905
154.868
5.02954
23.037
-52.5728
-1.92367
-71.6369
-17.5847
-150.641
59.2943
-58.7583
24.6899
-71.6369
-131.105
-52.5728
-52.5728
-6.55774
-4.37033
31.8122
-52.5728
0.531359
61.62
-71.6369
-58.7583
11.287
-131.105
-65.1538
-71.6369
15.7499
-10.9935
-9.98114
-131.105
-131.105
-65.1538
-24.4038
-35.1905
39.9699
-131.105
-58.7583
11.6688
61.62
-52.5728
-169.227
11.7567
3.08431
28.9503
-52.5728
2.8212
-58.7583
34.6622
-52.5728
-52.5728
-14.701
-25.6152
133.217
24.7546
-27.043
45.3338
61.62
-65.1538
-24.4038
-65.1538
-35.1905
-4.27858
28.9503
51.3898
171.348
-58.7583
39.9699
-81.1526
-37.5145
21.7648
-131.105
34.6622
133.217
-159.387
-65.1538
-52.5728
-83.5795
-2.36522
-12.0902
154.868
-131.105
-7.76178
-27.043
-36.0833
-35.1905
-16.9402
-35.1905
-25.7754
-24.4038
-7.76178
-83.5795
-35.1905
61.62
-52.5728
-131.105
-24.4038
61.62
-83.5795
5.71379
-83.5795
59.2943
-35.1905
-52.5728
-27.043
-4.37033
-17.4647
-17.5847
-52.5728
-16.4978
23.3408
35.7422
-52.5728
-150.641
-78.0343
133.217
-83.5795
5.02954
18.5876
15.5081
-51.2753
-24.4038
-83.5795
-52.5728
-51.2753
-21.0243
-150.641
-3.06961
7.17594
18.0563
61.62
-4.37033
34.6622
-24.4038
-83.5795
-20.161
-51.2753
-52.5728
14.6303
39.9699
21.7648
-52.5728
-36.6066
-52.5728
9.43171
-24.4038
-75.4958
-27.043
39.9699
-52.5728
-52.5728
-24.4038
171.348
165.844
-71.6369
-51.2753
-24.4038
-12.0458
45.3338
-83.5795
-25.7754
2.86157
-24.4038
-24.4038
-12.8155
-25.7754
-52.5728
-52.5728
19.3243
59.2943
-7.42747
-24.4038
-35.1905
-22.5246
-27.043
-83.5795
-52.5728
-52.5728
-35.1905
-35.1905
-71.6369
-164.179
-10.9935
-27.3177
-83.5795
-52.5728
-83.5795
-150.641
21.1687
24.7546
-24.4038
-52.5728
-83.5795
-16.4749
23.3408
-24.4038
21.7648
-15.4884
-10.6169
-27.043
-52.5728
154.868
-25.6152
-2.36522
-24.4038
7.17594
-4.37033
21.7648
-58.7583
-75.4958
-21.394
31.8122
-36.0833
-78.0343
-25.5524
-25.5524
24.6899
-79.8245
-36.0833
-3.17542
-51.2753
-52.5728
-131.105
-27.043
-131.105
-35.1905
-51.2753
-52.5728
-24.4038
64.5914
-35.1905
-52.5728
-51.2753
-24.4038
39.9699
17.7545
-10.9935
-150.641
31.8122
31.8122
-24.4038
-4.37033
-27.043
-51.2753
15.5081
-31.4766
23.3408
-35.1905
-52.5728
-3.06961
-37.5145
-52.5728
4.10328
-65.1538
-52.5728
21.7648
7.08619
15.1993
-13.0146
15.3323
-31.4766
-52.5728
-35.1905
-159.387
24.6899
-65.1538
-83.5795
15.2524
-71.6369
-24.4038
-65.1538
-12.0287
61.62
45.3338
-65.1538
-4.37033
-52.5728
-52.5728
5.02954
-24.4038
39.9699
133.217
-24.4038
-159.387
-159.387
-16.4978
5.02954
-12.0287
-71.6369
-4.37033
-52.5728
-71.6369
-58.7583
-83.5795
-52.5728
-35.1905
64.5914
-52.5728
-71.6369
-8.37957
-16.4978
-52.5728
15.5081
18.8521
12.8665
-52.5728
21.7648
-16.9402
-58.7583
11.3531
-65.1538
28.9503
-16.4978
21.7648
-12.6673
31.8122
-36.0833
-24.4038
-83.5795
-58.7583
27.8058
21.7648
7.08619
133.217
61.62
21.7648
21.7648
4.10328
-27.289
-52.5728
-24.4038
-51.2753
15.5081
10.7894
-36.0833
154.868
-4.37033
-20.161
-52.5728
-52.5728
-71.6369
34.6622
39.9699
-131.105
-65.1538
-52.5728
-20.161
31.8122
-52.5728
-52.5728
-52.5728
-52.5728
-65.1538
28.4475
154.868
-79.8245
71.3222
-7.42747
154.868
5.02954
-25.6152
-16.4978
-52.5728
-24.4038
-12.0287
28.4475
154.868
-52.5728
-35.1905
-25.7754
-131.105
-13.7037
-36.0833
-51.2753
-150.641
-35.1905
-20.161
3.08431
-131.105
-27.043
22.1742
21.7648
61.62
-27.043
-25.7754
-71.6369
24.7546
-65.1538
-52.5728
-3.06961
-52.5728
-83.5795
-9.98114
-0.350038
-65.1538
-4.37033
-159.387
5.02954
-131.105
-169.227
59.2943
16.6603
-27.043
-75.4958
-65.1538
39.9699
-52.5728
-52.5728
28.4475
0.839039
-19.3029
-52.5728
-4.37033
-52.5728
-159.387
-25.7754
-25.6152
-83.5795
0.788471
-131.105
-52.5728
3.26794
5.02954
-52.5728
-21.394
-25.7754
59.2943
-52.5728
28.9503
-24.4038
-4.37033
-52.5728
-3.20802
-35.1905
51.3898
28.4475
-75.4958
-83.5795
-52.5728
-52.5728
-25.7754
6.22574
-83.5795
-24.4038
-131.105
18.8521
-1.92367
61.62
15.7499
5.02954
3.26794
-35.1905
28.4475
21.7648
-4.37033
-16.4978
-83.5795
21.7648
-25.7754
-83.6481
59.2943
-52.5728
-36.6066
-27.3177
-52.5728
-12.0287
165.844
-35.1905
133.217
-35.1905
-75.4958
-52.5728
-35.1905
-58.7583
-51.2753
15.5081
-19.3029
9.43171
21.8126
-52.5728
-0.350038
-58.7583
-52.5728
18.0563
-25.5524
-52.5728
-4.37033
-35.1905
39.9699
15.5081
28.9503
45.3338
-27.043
-71.6369
-52.5728
-51.2753
-52.5728
-25.7754
-25.7754
0.531359
-19.9077
5.02954
-51.2753
154.868
-37.5145
24.6899
-25.7754
-35.1905
61.62
-36.6066
-6.55774
61.62
3.88386
-20.6489
-78.0343
-35.1905
39.9699
21.7648
-52.5728
-52.5728
-12.8155
28.9503
-65.1538
-19.9077
-27.043
-20.6489
-65.1538
-52.5728
-1.36254
-17.5847
7.40374
-51.2753
133.217
71.3222
17.6054
-21.394
-58.7583
-52.5728
31.8122
-52.5728
-52.5728
21.7648
-150.641
5.02954
-65.1538
-25.7001
-52.5728
5.02954
-4.37033
5.84544
-75.4958
5.02954
-25.7754
-83.5795
-131.105
-52.5728
5.02954
-159.387
-24.4038
23.037
-52.5728
-9.98114
-7.94113
35.7422
61.62
-27.289
28.4475
-25.7754
-58.7583
-52.5728
-131.105
-25.7754
45.3338
-52.5728
-52.5728
-131.105
-150.641
21.1687
-36.6066
45.3338
-35.1905
24.7546
-52.5728
35.7422
-20.7528
12.1644
31.8122
-52.5728
9.74518
21.7648
-9.08357
-27.043
-27.043
-52.5728
-52.5728
-52.5728
0.155144
-36.6066
9.43171
-52.5728
23.3408
6.22574
-24.4038
15.5081
-58.7583
-25.7754
18.2131
161.968
21.7648
168.328
-65.1538
133.217
-52.5728
31.8122
154.868
-52.5728
-65.1538
18.0563
-13.7037
15.5081
-52.5728
51.3898
15.2524
-131.105
-52.5728
-24.4038
-71.6369
-83.5795
59.2943
-150.641
-35.1905
-71.6369
-0.350038
-24.4038
-12.0287
61.62
-27.043
-58.7583
21.7648
-37.5145
-35.1905
-27.043
39.9699
-37.5145
-25.6152
17.1655
-83.5795
-4.37033
-150.641
-65.1538
-159.387
-52.5728
-4.35411
-52.5728
-10.9935
1.30236
18.0563
-37.5145
35.7422
-36.0833
-65.1538
23.037
45.3338
-16.9402
-17.4647
-83.5795
-131.105
-20.7528
-52.5728
45.3338
-25.7001
133.217
-3.06961
-71.6369
-52.5728
-71.6369
154.868
161.968
-159.387
-7.76178
-52.5728
15.3323
-159.387
-52.5728
-52.5728
23.3408
23.3408
-24.4038
-52.5728
-6.55774
-83.5795
-2.36522
-10.9935
-31.4766
-25.7754
59.2943
-71.6369
-25.5524
-27.043
-35.1905
-81.1526
-52.5728
17.1655
-71.6369
-7.76178
-4.37033
-52.5728
-58.7583
-4.37033
-0.350038
-52.5728
21.7648
17.1655
-7.94113
7.17594
-27.043
-21.0243
5.02954
154.868
-21.394
-52.5728
-51.2753
-27.043
21.1687
34.6622
-12.0287
-25.7754
-52.5728
-35.1905
-12.0287
-36.0833
-131.105
-24.4038
12.1644
45.3338
-71.6369
-52.5728
-1.92367
-35.1905
-78.0343
-52.5728
20.8977
-52.5728
-75.4958
23.3408
-20.161
-35.1905
-2.36522
-25.5524
23.037
-19.9077
-27.043
19.3243
28.4475
-52.5728
-65.1538
165.844
-22.5246
-17.4647
-13.9385
-52.5728
-6.55774
-24.4038
-17.5847
-12.8155
-58.7583
5.02954
-37.5145
-65.1538
-159.387
-58.7583
-65.1538
-24.4038
-131.105
-25.7754
-83.5795
59.2943
-52.5728
-65.1538
-36.0833
-12.0458
15.5081
-58.7583
-58.7583
28.9503
39.9699
-12.0287
21.1687
-35.1905
-58.7583
-52.5728
-150.641
-71.6369
-24.4038
-4.27858
35.7422
-65.1538
-4.37033
-19.4911
-83.5795
154.868
-35.1905
-83.5795
-52.5728
-13.9385
-27.289
-27.289
31.8122
-25.7001
-10.9935
-150.641
61.62
24.6899
19.3243
-25.7754
-27.043
-52.5728
-65.1538
-131.105
133.217
59.2943
-27.043
-4.37033
-25.6152
21.7648
-35.1905
21.7648
-52.5728
-5.81152
3.88386
-24.4038
7.17594
-35.1905
-83.5795
-35.1905
-65.1538
-58.7583
21.7648
-58.7583
51.3898
-19.3029
-3.06961
-52.5728
51.3898
-52.5728
4.40553
-3.06961
-71.6369
-27.043
-52.5728
133.217
-24.4038
-58.7583
-52.5728
-35.1905
21.7648
-58.7583
-52.5728
7.08619
7.40374
-51.2753
-51.2753
0.155144
-71.6369
12.1644
59.2943
-83.5795
-3.06961
7.17594
-35.1905
28.9503
45.3338
21.7648
-35.1905
-65.1538
-0.28537
-65.1538
28.4475
34.6622
64.5914
-52.5728
-52.5728
-25.7754
-71.6369
-164.179
28.4475
-52.5728
21.7648
-83.5795
-82.1759
-167.178
154.868
-131.105
-3.06961
-131.105
-71.6369
-150.641
-83.5795
-52.5728
-19.3029
-52.5728
-52.5728
-52.5728
45.3338
-71.6369
-52.5728
133.217
-52.5728
-25.7754
20.8977
-52.5728
-52.5728
-159.387
-71.6369
-24.4038
-12.0287
-52.5728
-4.68362
-7.97729
-3.17542
-24.4038
-3.06961
-3.06961
-12.0287
-131.105
20.8977
-27.043
-52.5728
-27.289
18.5876
-58.7583
18.8521
10.0091
-24.4038
-65.1538
-35.1905
-83.5795
21.7648
-52.5728
-19.3029
-3.06961
-52.5728
154.868
-131.105
-78.0343
-27.043
-65.1538
-83.5795
-52.5728
-65.1538
-4.34931
28.4475
-35.1905
39.9699
-3.17542
-4.27858
-22.5246
-71.6369
-83.5795
-27.3177
-27.043
-52.5728
-8.02744
-52.5728
-131.105
-52.5728
22.1742
-83.5795
5.02954
-159.387
-159.387
28.4475
7.17594
7.40374
61.62
45.3338
-35.1905
19.3243
-4.37033
-35.1905
-58.7583
-15.6696
35.7422
-52.5728
45.3338
7.40374
-52.5728
-27.043
-24.4038
-24.4038
61.62
-27.043
-6.74469
-4.37033
-35.1905
-12.0287
-71.6369
-0.471022
9.65043
-52.5728
23.037
-52.5728
-52.5728
-131.105
-52.5728
59.2943
51.3898
16.6254
-52.5728
28.4475
12.9259
-25.7754
3.88386
-65.1538
34.6622
133.217
-52.5728
15.5081
-52.5728
-65.1538
-75.4958
-52.5728
133.217
-83.5795
-24.4038
1.30236
23.3408
7.08619
7.40374
5.02954
-35.1905
-4.37033
-12.0287
-71.6369
-71.6369
-52.5728
45.3338
-58.7583
59.2943
-35.1905
-9.48166
7.40374
-12.0287
6.22574
-58.7583
-4.37033
4.10328
-24.4038
-52.5728
-52.5728
-58.7583
-52.5728
-36.0833
-35.1905
61.62
-52.5728
-65.1538
-27.043
7.08619
-52.5728
15.3323
-27.289
-24.4038
-52.5728
-17.4647
-52.5728
154.868
-65.1538
-52.5728
17.9264
-24.4038
4.10328
-35.1905
165.844
-35.1905
-6.55774
27.8058
18.0563
-131.105
51.3898
-52.5728
-3.06961
-16.4978
-20.161
-35.1905
-14.0003
-15.4884
-0.350038
168.328
-78.0343
-35.1905
21.7648
-36.6066
-58.7583
-52.5728
-51.2753
34.6622
-150.641
-65.1538
-24.4038
-27.043
19.3243
-65.1538
-65.1538
-52.5728
-83.5795
-52.5728
31.8122
-169.227
-52.5728
-71.6369
154.868
-58.7583
-16.2353
0.155144
-52.5728
34.6622
-13.5371
-52.5728
45.3338
19.3243
34.6622
45.3338
5.02954
-52.5728
-19.9077
-1.40062
45.3338
-4.37033
-58.7583
-10.9935
59.2943
-52.5728
-4.37033
-25.7754
-24.4038
-24.4038
-25.7754
64.5914
-27.043
-16.8654
-52.5728
-131.105
-12.0458
21.7648
-159.387
-52.5728
-4.37033
-2.36522
59.2943
-12.0287
168.328
61.62
-24.4038
-21.0243
-3.06961
61.62
51.3898
-24.4038
-65.1538
133.217
-27.043
-164.179
-52.5728
-71.6369
-78.0343
-25.6152
-65.1538
-65.1538
-5.32324
35.7422
-35.1905
61.62
-27.289
-24.4038
-24.4038
-27.043
-12.0458
-35.1905
13.2215
7.40374
71.3222
-25.7754
-52.5728
-83.5795
7.17594
-52.5728
5.02954
-52.5728
-37.5145
-52.5728
12.1644
31.8122
-27.043
18.5876
7.40374
28.9503
-35.1905
-22.5246
-3.06961
-83.5795
-79.8245
-12.0458
-52.5728
31.8122
161.968
-52.5728
7.17594
-12.8155
-65.1538
-25.7754
-20.161
-24.4038
5.02954
-4.37033
-52.5728
-24.4038
28.9503
-36.6066
-131.105
-35.1905
-24.4038
-4.37033
17.7545
45.3338
0.531359
-20.161
-7.97729
-65.1538
-12.0287
-83.5795
-27.043
3.26794
-58.7583
-4.27858
24.7546
-52.5728
-24.4038
-3.06961
45.3338
-83.5795
-52.5728
-52.5728
5.02954
-65.1538
5.02954
-71.6369
-159.387
59.2943
23.3408
-52.5728
-52.5728
21.7648
-3.06961
-5.73711
-71.6369
-35.1905
-35.1905
-27.043
-52.5728
24.7546
-12.8155
-24.4038
-52.5728
-83.5795
39.9699
-65.1538
-17.4983
-58.7583
59.2943
3.26794
-25.7754
-27.043
61.62
-12.0287
5.02954
-24.4038
-52.5728
-17.4983
-35.1905
-51.2753
15.2524
-51.2753
15.5081
-20.161
31.8122
-2.36522
-52.5728
-71.6369
-35.1905
-12.2689
-58.7583
-16.4978
15.5081
21.7648
-12.0458
6.22574
5.02954
-82.1759
-83.5795
-24.4038
-24.4038
-52.5728
-52.5728
-71.6369
-52.5728
-36.0833
-51.2753
7.08619
-52.5728
-83.5795
-37.5145
-52.5728
15.5081
15.5081
-75.4958
-58.7583
18.0563
-58.7583
-2.36522
-12.8155
18.0563
-52.5728
-52.5728
-24.4038
28.4475
161.968
-11.4403
17.1655
-35.1905
-4.37033
-7.76178
-24.4038
-25.7001
24.6899
-51.2753
-27.043
-65.1538
-12.5429
-35.1905
-167.178
-24.4038
9.43171
-12.8155
-8.02744
-4.27858
-65.1538
12.9259
-19.3029
-52.5728
-58.7583
-150.641
-25.7754
-58.7583
-65.1538
31.8122
31.8122
-24.4038
-52.5728
-52.5728
-27.043
168.328
10.0422
-83.5795
45.3338
-27.289
9.65043
-36.0833
-35.1905
-51.2753
-4.37033
-58.7583
-25.5524
-52.5728
12.8665
-35.1905
-12.0287
45.3338
21.7648
35.7422
3.88386
-65.1538
-10.9935
34.6622
59.2943
-71.6369
23.3408
-71.6369
-52.5728
39.9699
-24.4038
-65.1538
-24.4038
-52.5728
-24.4038
-24.4038
23.3408
-52.5728
-65.1538
-35.1905
-14.1754
-12.0287
-12.0287
-52.5728
-71.6369
-24.4038
61.62
-83.5795
-24.4038
-58.7583
-3.20802
-35.1905
-52.5728
-52.5728
-52.5728
-4.37033
5.02954
-52.5728
-52.5728
-51.2753
-25.7754
45.3338
-79.8245
-51.2753
-19.3029
-10.9935
21.7648
-150.641
-58.7583
6.15495
-25.7754
-12.0287
-24.4038
45.3338
-16.4978
-131.105
-150.641
-35.1905
-131.105
-52.5728
-4.27858
-131.105
-52.5728
7.08619
-81.1526
19.2215
-35.1905
7.17594
-52.5728
-81.1526
15.5081
-65.1538
15.5081
-52.5728
-52.5728
-25.7754
-131.105
-36.6066
-31.4766
-52.5728
59.2943
-65.1538
-83.5795
-20.6489
-4.37033
-4.37033
-36.0833
-7.76178
-65.1538
28.4475
-24.4038
-65.1538
21.7648
1.92093
-52.5728
-35.1905
11.3531
-24.4038
-52.5728
14.5803
-16.4667
-52.5728
23.3408
-25.7001
-31.4766
-65.1538
5.07709
-51.2753
0.155144
7.40374
-65.1538
-24.4038
-65.1538
15.3323
-9.33346
-131.105
18.8521
-52.5728
5.71379
-24.4038
61.62
21.7648
-27.043
-58.7583
18.2131
51.3898
-83.5795
-36.6066
21.7648
-131.105
-52.5728
31.8122
-150.641
-7.76178
61.62
-65.1538
-52.5728
34.6622
-83.5795
-27.043
-52.5728
-20.161
61.62
-35.1905
-4.37033
-51.2753
-131.105
-24.4038
7.17594
28.9503
-37.5145
-78.0343
-58.7583
17.1655
-58.7583
-5.72192
5.02954
-4.37033
-13.0146
-12.0287
-16.4978
-27.043
-4.37033
-4.52934
-83.5795
23.3408
-150.641
8.42096
-65.1538
-24.4038
-65.1538
64.5914
-52.5728
-52.5728
-65.1538
-27.043
-65.1538
-52.5728
-7.78216
5.84544
-31.4766
-58.7583
-31.4766
75.2975
-24.4038
59.2943
-58.7583
-65.1538
-6.55774
-52.5728
5.84544
39.9699
-52.5728
59.2943
-7.97729
-17.4983
-24.4038
-52.5728
-24.4038
21.7648
-52.5728
-21.0243
-21.394
-12.0287
-52.5728
-12.0458
-4.37033
-12.0458
-25.7754
-12.0287
-131.105
-52.5728
-24.4038
-31.4766
61.62
21.7648
5.02954
-52.5728
-150.641
161.968
-13.7037
-27.043
-7.42747
-36.0833
-7.76178
-52.5728
1.30236
-131.105
-167.178
7.17594
-7.94113
-24.4038
-12.0287
-52.5728
-52.5728
7.40374
-65.1538
-65.1538
-35.1905
59.2943
-2.95185
-52.5728
-71.6369
-36.0833
-36.0833
-12.0287
-4.37033
-4.37033
15.5081
-19.3029
-52.5728
-52.5728
-17.4647
133.217
-164.179
19.2215
64.5914
-131.105
28.9503
-20.161
5.02954
-5.73711
-1.62101
-36.6066
-27.043
-2.36522
170.064
-35.1905
-20.161
-24.4038
-20.161
6.22574
35.7422
-52.5728
31.8122
-4.27858
-24.4038
2.4197
31.8122
22.1742
-131.105
21.7648
-51.2753
34.6622
61.62
-13.7037
31.8122
-164.179
23.3408
2.19389
-83.5795
59.2943
79.7263
-24.4038
-24.4038
-52.5728
-51.2753
61.62
-35.1905
1.30236
19.2215
71.3222
-71.6369
-4.37033
-36.0833
-24.4038
34.6622
-52.5728
-35.1905
-24.4038
7.08619
-83.5795
-51.2753
-52.5728
0.531359
-14.0003
-24.4038
-52.5728
-83.5795
-25.7754
45.3338
39.9699
-83.5795
-36.0833
23.037
17.1655
45.3338
-12.8155
35.7422
-27.289
6.61196
-75.4958
154.868
-35.1905
-4.37033
-78.0343
-27.289
15.5081
-169.227
-4.37033
-65.1538
-71.6369
-35.1905
-3.06961
-83.5795
17.6054
-4.77796
6.62653
31.8122
-13.9385
-65.1538
-11.854
-83.5795
-16.4978
-4.37033
-83.5795
-35.1905
64.5914
-12.0287
1.82303
133.217
19.2215
154.868
15.2524
19.3243
-52.5728
-16.4978
-75.4958
-78.0343
39.9699
5.84544
7.08619
5.02954
168.328
-35.1905
-83.5795
-17.4647
-52.5728
-75.4958
21.8126
-3.17542
7.17594
21.7648
-52.5728
-13.7037
-83.5795
-52.5728
-131.105
-12.8155
-52.5728
-24.4038
5.02954
34.6622
-27.043
-58.7583
-25.5524
-52.5728
-17.4647
-3.06961
-131.105
19.3243
61.62
-27.043
-65.1538
21.7648
-4.35411
-35.1905
-131.105
-52.5728
-71.6369
9.43171
-52.5728
-35.1905
-20.7528
3.88386
81.0782
34.6622
-52.5728
-131.105
-25.7001
51.3898
-82.1759
-24.4038
-65.1538
7.08619
154.868
7.17594
-58.7583
-150.641
-52.5728
-24.4038
35.7422
-52.5728
-83.5795
-51.2753
-4.37033
23.3408
-27.043
-65.1538
-35.1905
-78.0343
-7.78216
133.217
-13.9385
-16.4749
-71.6369
-35.1905
24.6899
-6.55774
-20.161
-25.7754
19.2215
-4.37033
-24.4038
-24.4038
-52.5728
21.7648
-7.94113
-35.1905
-58.7583
61.62
-52.5728
39.9699
-4.37033
21.7648
-20.6489
-25.7001
-52.5728
-8.37957
-27.043
-24.4038
-52.5728
-65.1538
-131.105
-58.7583
-52.5728
-79.8245
-79.8245
0.531359
-4.27858
6.15495
-24.4038
61.62
-12.0287
-25.7001
-131.105
-24.4038
-4.35411
1.30236
-27.043
-36.0833
-12.0458
-52.5728
-52.5728
-36.0833
-20.161
-27.043
21.7648
21.7648
-83.5795
-27.043
-65.1538
-71.6369
-25.7754
-4.37033
-35.1905
-150.641
-24.4038
-58.7583
-52.5728
21.1687
31.8122
-52.5728
-25.7754
-4.37033
-131.105
-0.350038
15.5081
15.5081
-17.5847
-58.7583
64.5914
-52.5728
14.8292
-79.8245
-52.5728
-20.161
21.7648
-12.0287
-4.37033
20.8977
-12.8155
15.5081
-25.6152
-36.0833
21.7648
-52.5728
35.7422
-65.1538
-52.5728
-65.1538
-71.6369
2.86157
-65.1538
-131.105
-51.2753
-83.5795
-25.7754
-6.55774
27.8058
-52.5728
-35.1905
-4.37033
-24.4038
-36.6066
23.3408
-35.1905
-24.4038
61.62
-14.701
-52.5728
61.62
-8.37957
-58.7583
-35.1905
3.26794
-150.641
-12.2689
19.3243
31.8122
-4.37033
-52.5728
-20.161
21.8126
45.3338
170.064
-52.5728
-52.5728
31.8122
-36.0833
-71.6369
15.2524
-3.06961
-24.4038
35.7422
-16.8654
71.3222
64.5914
-52.5728
-35.1905
45.3338
-52.5728
-4.37033
21.7648
-83.5795
-52.5728
5.02954
-9.08357
-65.1538
-36.0833
-65.1538
-52.5728
12.646
-52.5728
-12.8155
-12.0287
6.62653
-16.2353
5.31459
-24.4038
-52.5728
-27.043
-51.2753
-7.76178
-16.4667
-58.7583
-52.5728
-35.1905
-15.6696
19.3243
-52.5728
-52.5728
27.8058
-25.7754
-36.0833
-3.06961
-171.839
-52.5728
-10.6169
-65.1538
0.919681
-27.3177
-52.5728
19.3243
-35.1905
-58.7583
-52.5728
61.62
-36.6066
-52.5728
-27.043
-24.4038
51.3898
31.8122
-52.5728
31.8122
-52.5728
21.8126
-52.5728
-19.9077
-24.4038
-4.37033
154.868
-35.1905
-36.6066
-4.37033
6.62653
-131.105
45.3338
-52.5728
-35.1905
35.7422
154.868
-65.1538
-0.54907
-37.5145
-36.6066
-35.1905
-3.20802
-52.5728
-35.1905
-20.161
-1.40062
-52.5728
-52.5728
133.217
45.3338
-35.1905
-52.5728
-52.5728
-52.5728
-7.76178
-20.6489
-131.105
-52.5728
-31.4766
-35.1905
28.9503
-65.1538
-79.8245
-58.7583
-52.5728
10.1143
-12.8155
17.7545
-16.2353
-71.6369
1.30236
-16.4978
-35.1905
133.217
23.037
-58.7583
-0.571454
21.7648
-65.1538
-35.1905
133.217
-52.5728
71.3222
-24.4038
-24.4038
-52.5728
-65.1538
10.0422
-3.06961
-52.5728
-37.5145
-3.06961
-58.7583
-36.0833
-159.387
-52.5728
-83.5795
24.7546
61.62
-65.1538
-52.5728
161.968
-51.2753
7.17594
-65.1538
21.7648
-12.0458
-52.5728
-36.0833
7.40374
-27.043
-27.043
-37.5145
-71.6369
-4.27858
-58.7583
-27.3177
-10.9935
-52.5728
-65.1538
-27.043
23.3408
17.7545
11.5797
-52.5728
-83.5795
-35.1905
-52.5728
59.2943
-27.043
-4.37033
-131.105
-65.1538
15.5081
-27.043
-4.37033
-58.7583
59.2943
-4.27858
-83.5795
15.5081
61.62
-65.1538
39.9699
-83.5795
24.7546
-12.0287
5.02954
-27.043
-24.4038
-52.5728
-24.4038
23.037
-35.1905
21.7648
-52.5728
23.3408
-25.6152
-65.1538
-25.5524
23.3408
-31.4766
-52.5728
-52.5728
24.6899
35.7422
-52.5728
-52.5728
-52.5728
-14.9972
-4.37033
-65.1538
-52.5728
-65.1538
-36.0833
7.40374
2.4197
-24.4038
-1.92367
-52.5728
-24.4038
-52.5728
-36.0833
-52.5728
-12.0458
24.6899
-25.7001
-75.4958
-36.6066
-83.5795
64.5914
-52.5728
-52.5728
-36.0833
5.02954
-52.5728
28.9503
-75.4958
21.7648
-16.4978
45.3338
51.3898
6.22574
28.4475
-52.5728
-27.289
-22.5246
17.1655
-52.5728
-52.5728
-27.043
-24.4038
-65.1538
-25.6152
-35.1905
45.3338
-24.4038
154.868
-35.1905
-36.0833
21.7648
15.1993
133.217
-31.4766
2.2149
45.3338
15.3533
-27.289
-12.0458
-65.1538
45.3338
-24.4038
-1.38966
-52.5728
-7.33882
23.3408
-79.8245
-52.5728
-24.4038
-52.5728
-27.043
17.7545
-7.78216
-65.1538
-10.9935
-27.289
-83.5795
-52.5728
9.97936
-65.1538
-24.4038
34.6622
-83.5795
-65.1538
61.62
-35.1905
-83.5795
-12.8155
-27.043
51.3898
9.43171
-71.6369
-131.105
-12.0287
-24.4038
-36.0833
-71.6369
-65.1538
12.9259
-65.1538
-27.043
28.4475
-83.5795
-7.97729
-4.35411
-83.5795
71.3222
-131.105
7.08619
-52.5728
-52.5728
19.3243
59.2943
-65.1538
165.844
-150.641
-24.4038
24.6899
-35.1905
-65.1538
-83.5795
28.4475
-52.5728
21.7648
28.4475
154.868
-6.55774
-52.5728
15.5081
-52.5728
-52.5728
-19.9077
-65.1538
21.7648
-83.5795
-19.9077
-35.1905
-51.2753
-75.4958
154.868
-65.1538
59.2943
-83.5795
18.5876
-83.5795
-27.043
133.217
-71.6369
7.40374
-25.7001
-25.7754
61.62
7.17594
6.62653
-27.043
10.4963
133.217
-52.5728
18.2131
-159.387
-4.37033
-83.5795
14.6303
-52.5728
61.62
-31.4766
-11.4627
-52.5728
-58.7583
-51.2753
21.7648
61.62
21.7648
5.02954
9.97936
-52.5728
7.17594
-24.4038
-35.1905
-131.105
-11.6545
-3.06961
-8.37957
-52.5728
-4.37033
18.5876
-52.5728
-52.5728
-20.161
-11.4403
24.6899
-24.4038
133.217
-3.20802
-52.5728
-35.1905
0.155144
-52.5728
45.3338
-52.5728
51.3898
21.7648
-35.1905
133.217
-21.394
-52.5728
-6.55774
-52.5728
-52.5728
24.7546
-31.4766
-71.6369
-24.4038
-20.7528
21.7648
-36.0833
-12.8155
-52.5728
-35.1905
-58.7583
-58.7583
-83.5795
5.02954
-2.36522
-58.7583
-52.5728
3.26794
-7.76178
-52.5728
-83.5795
-35.1905
-25.7754
-27.289
-65.1538
-27.3177
-52.5728
-58.7583
-83.5795
-52.5728
-65.1538
-83.5795
-3.06961
-4.37033
-58.7583
21.7648
-71.6369
-78.0343
-65.1538
-52.5728
-25.5524
-27.043
64.5914
-27.3177
-52.5728
-4.35411
-25.7754
-65.1538
-170.712
161.968
-52.5728
-4.37033
28.9503
-27.043
-52.5728
-20.161
-71.6369
59.2943
-83.5795
-52.5728
21.7648
35.7422
-20.161
133.217
-22.5246
-51.2753
-36.0833
51.3898
35.7422
28.9503
-131.105
-6.55774
-0.350038
-65.1538
-24.4038
-35.1905
-131.105
-4.37033
-83.5795
21.1687
-8.37957
-83.5795
17.6054
-164.179
-52.5728
-83.5795
-25.7754
21.7648
-131.105
-58.7583
28.9503
133.217
-25.5524
161.968
-131.105
-52.5728
-36.0833
-83.5795
17.9264
133.217
-52.5728
13.3162
-16.4978
-52.5728
45.3338
-24.4038
-25.7001
12.1644
-52.5728
21.8126
-65.1538
-52.5728
-12.0287
-35.1905
13.0187
35.7422
64.5914
-131.105
133.217
-25.7754
-58.7583
-159.387
-52.5728
-12.0287
-52.5728
-52.5728
21.7648
-52.5728
61.62
-52.5728
-24.4038
6.15495
-52.5728
35.7422
8.9341
-52.5728
-131.105
-52.5728
-58.7583
-83.5795
7.17594
-58.7583
-22.5246
-131.105
-12.8155
35.7422
28.4475
-51.2753
61.62
-35.1905
-35.1905
-65.1538
4.78026
5.02954
-17.5847
-52.5728
-7.76178
-5.81152
-131.105
-83.5795
-35.1905
61.62
19.2215
-83.5795
21.7648
-16.4749
-167.178
-25.7754
-22.5246
154.868
-150.641
-20.161
-36.0833
-75.4958
-83.5795
21.1687
35.7422
-13.9385
-25.7754
-36.0833
-164.179
21.8126
-58.7583
-24.4038
4.10328
-7.76178
-131.105
-16.4978
18.8521
-51.2753
-52.5728
-7.02342
-52.5728
-4.37033
-37.5145
-65.1538
-20.161
-4.37033
-36.0833
61.62
-35.1905
-4.37033
-65.1538
-83.5795
-20.161
-52.5728
39.9699
-7.33882
-83.5795
-78.0343
27.8058
-65.1538
-58.7583
-24.4038
-36.6066
61.62
-27.043
19.3243
45.3338
-20.7528
-58.7583
31.8122
-35.1905
-58.7583
-131.105
-131.105
-52.5728
-4.37033
-65.1538
17.1655
-36.0833
75.2975
7.40374
45.3338
-52.5728
-2.36522
75.2975
-24.4038
-19.3029
-13.9385
-71.6369
21.7648
-83.5795
22.1742
-75.4958
-24.4038
-52.5728
13.3453
-83.5795
-71.6369
-31.4766
-65.1538
45.3338
-52.5728
-24.4038
-27.043
-35.1905
-24.4038
3.88386
-24.4038
-159.387
-7.33882
-52.5728
17.6054
-52.5728
-51.2753
-65.1538
-24.4038
14.5803
-52.5728
-75.4958
-52.5728
61.62
-52.5728
59.2943
-35.1905
-35.1905
-83.5795
133.217
-21.394
168.328
24.6899
-52.5728
-25.7754
51.3898
-27.043
-4.37033
-75.4958
-131.105
-24.4038
-52.5728
-27.043
-35.1905
3.26794
-27.043
-65.1538
-24.4038
-6.55774
-52.5728
-24.4038
-36.0833
-52.5728
-52.5728
-131.105
-24.4038
-24.4038
-83.5795
7.8124
-65.1538
-52.5728
-3.95219
-65.1538
-52.5728
-20.161
7.08619
-52.5728
-75.4958
-83.5795
27.8058
7.17594
-150.641
-83.5795
20.8977
35.7422
-35.1905
-52.5728
-24.4038
-25.7001
16.6254
-4.37033
59.2943
-24.4038
45.3338
133.217
45.3338
-13.7037
-3.20802
59.2943
-83.5795
-3.06961
-20.6489
5.02954
-24.4038
-2.36522
-25.7001
14.8292
-52.5728
21.7648
-13.0146
2.4197
-27.043
6.22574
51.3898
-2.36522
-71.6369
-131.105
-150.641
-52.5728
-4.37033
-35.1905
24.7546
-35.1905
-27.043
-37.5145
-83.5795
7.17594
-3.06961
-12.0287
-52.5728
-65.1538
-52.5728
-36.6066
31.8122
-131.105
-24.4038
-83.5795
-52.5728
-24.4038
23.3408
-10.9935
-51.2753
4.40553
-6.55774
7.08619
-4.37033
7.40374
-52.5728
-167.178
21.7648
-83.5795
-25.7754
-52.5728
-27.289
-71.6369
-159.387
12.9259
-25.7754
-52.5728
-52.5728
-27.3177
-11.4403
18.0563
-52.5728
-83.5795
9.43171
-6.55774
-58.7583
-35.1905
21.7648
-52.5728
-35.1905
-52.5728
-52.5728
-7.97729
61.62
-83.5795
-52.5728
-10.9935
-52.5728
-4.37033
-71.6369
-52.5728
17.1655
-52.5728
-35.1905
-20.7528
22.1742
-35.1905
-131.105
-35.1905
-12.9404
24.6899
-159.387
133.217
-131.105
21.8126
-51.2753
-36.0833
-52.5728
19.3243
-83.5795
21.7648
61.62
-4.37033
-51.2753
-3.20802
-4.37033
-27.043
-131.105
-52.5728
14.5803
-83.5795
-52.5728
-81.1526
-52.5728
-3.06961
-1.23298
-83.5795
-20.6489
-35.1905
-35.1905
5.02954
-24.4038
154.868
-24.4038
-12.8155
0.531359
-83.5795
51.3898
154.868
45.3338
-0.28537
51.3898
-5.81152
-58.7583
18.0563
-35.1905
34.6622
-131.105
21.7648
-170.712
7.40374
-4.37033
-8.02744
5.02954
-79.8245
-52.5728
-150.641
-51.2753
28.4475
-65.1538
1.60545
-52.5728
21.7648
-36.0833
-27.289
45.3338
45.3338
-83.5795
-65.1538
154.868
-0.471022
-24.4038
-75.4958
-36.6066
-35.1905
-164.179
161.968
31.8122
-75.4958
7.17594
61.62
-27.043
-65.1538
7.17594
-52.5728
21.7648
-71.6369
61.62
-131.105
-52.5728
-65.1538
9.97936
-65.1538
5.02954
45.3338
-6.55774
-3.17542
-27.289
-35.1905
-131.105
39.9699
-65.1538
34.6622
-83.5795
39.9699
-83.5795
-25.7754
21.7648
-150.641
-16.4978
-150.641
-58.7583
-131.105
-24.4038
-0.350038
45.3338
15.7499
21.7648
31.8122
17.1655
-150.641
24.7546
-58.7583
-27.3177
45.3338
51.3898
-25.5524
-31.4766
-24.4038
-12.0458
13.764
-83.5795
-65.1538
-83.5795
133.217
-131.105
-12.0564
61.62
-8.37957
45.3338
21.7648
-83.5795
-52.5728
-150.641
-25.7754
45.3338
17.7545
-52.5728
61.62
-52.5728
-52.5728
19.3243
17.9264
-131.105
-52.5728
-25.7754
-24.4038
-19.4911
5.02954
17.1655
-25.7001
7.40374
51.3898
-24.4038
-167.178
-83.5795
7.08619
-3.17542
-131.105
3.12356
-3.06961
-71.6369
-58.7583
-24.4038
15.5081
161.968
45.3338
-83.5795
-4.31868
61.62
-35.1905
-20.161
-58.7583
-4.37033
0.531359
-58.7583
-12.5429
-27.289
16.6603
61.62
-52.5728
-65.1538
-12.0287
-27.043
-12.0287
-35.1905
7.17594
-52.5728
-27.043
3.26794
34.6622
-27.043
-131.105
-52.5728
4.40553
-71.6369
-0.350038
21.7648
-52.5728
-35.1905
-52.5728
-27.043
-52.5728
-52.5728
-27.289
9.43171
-35.1905
-164.179
-31.4766
14.5803
0.155144
-83.5795
-4.37033
-65.1538
-83.5795
21.7648
28.4475
-52.5728
-35.1905
-9.87897
-65.1538
-4.77796
-71.6369
-52.5728
6.62653
51.3898
-35.1905
-6.55774
-20.6489
-2.36522
-2.36522
-167.178
-0.350038
-83.5795
21.7648
28.4475
-12.0287
-150.641
18.2131
0.155144
12.9259
24.6899
-11.854
-24.4038
1.30236
-35.1905
-8.02744
-52.5728
-13.9385
-36.0833
-24.4038
7.08619
12.8968
-7.76178
-52.5728
61.62
-83.5795
-51.2753
17.6054
-58.7583
-71.6369
-27.043
-13.0146
15.5081
-131.105
-27.043
-6.55774
-12.0287
-7.78216
-58.7583
-82.1759
21.8126
1.30236
-52.5728
-52.5728
-5.72192
-51.2753
154.868
-52.5728
-79.8245
-65.1538
-71.6369
-65.1538
-159.387
31.8122
-10.6169
-25.7754
45.3338
-83.5795
-83.5795
21.7648
4.07145
-35.1905
-14.701
-15.4884
-150.641
-27.043
-12.0458
-24.4038
-131.105
14.5803
-79.8245
-83.5795
-52.5728
-7.78216
34.6622
61.62
-131.105
39.9699
-35.1905
-27.043
154.868
17.7545
21.7648
7.40374
-71.6369
154.868
-27.043
-27.043
-52.5728
21.7648
-3.06961
-21.0243
-150.641
-65.1538
-52.5728
-52.5728
-20.161
59.2943
10.4049
45.3338
71.3222
-52.5728
-164.179
23.037
-52.5728
-35.1905
-4.37033
-24.4038
-24.4038
-83.5795
-52.5728
-52.5728
-35.1905
-27.043
-65.1538
-52.5728
-35.1905
-3.06961
-131.105
-79.8245
-25.7754
-52.5728
-65.1538
-75.4958
1.30236
-52.5728
-12.0458
-12.0564
-37.5145
-83.5795
-65.1538
-52.5728
154.868
-52.5728
-52.5728
-35.1905
-4.37033
-12.0287
9.97936
-12.0287
-7.94113
6.15495
19.2215
-35.1905
-159.387
-27.043
-52.5728
-24.4038
34.6622
-24.4038
-35.1905
-27.289
-4.37033
64.5914
39.9699
-58.7583
-65.1538
5.02954
5.02954
-12.8155
-52.5728
-35.1905
-52.5728
-12.0458
-79.8245
-3.06961
-20.161
-4.37033
-75.4958
18.5876
-65.1538
-24.4038
21.8126
-150.641
-65.1538
-14.9972
-52.5728
-36.0833
-131.105
-52.5728
-65.1538
18.5876
-20.161
61.62
-52.5728
-25.7754
-52.5728
5.02954
-27.043
-25.7754
-24.4038
-52.5728
-51.2753
2.4197
-7.42747
-13.9385
-52.5728
-12.0458
10.6655
-83.5795
-52.5728
-3.17542
-83.5795
5.02954
31.8122
31.8122
-4.37033
-51.2753
59.2943
-52.5728
14.5803
-27.043
-131.105
-21.394
15.2524
-52.5728
9.43171
-65.1538
-37.5145
-71.6369
-75.4958
-150.641
-27.043
-35.1905
-150.641
-75.4958
-65.1538
-36.6066
7.40374
168.328
-3.06961
51.3898
154.868
-7.76178
-131.105
-52.5728
-83.5795
18.2131
161.968
24.6899
-35.1905
-24.4038
17.1655
-52.5728
154.868
-4.37033
-24.4038
64.5914
-35.1905
-65.1538
-4.37033
-4.37033
-164.179
-8.02744
39.9699
-131.105
34.6622
-12.0458
-150.641
-52.5728
-65.1538
-52.5728
-51.2753
-12.0287
-71.6369
-52.5728
-65.1538
59.2943
-172.722
-14.9972
0.155144
-52.5728
5.02954
-36.6066
-58.7583
-35.1905
-131.105
-150.641
-14.1466
165.844
-58.7583
-24.4038
-131.105
21.1687
14.8292
61.62
-24.4038
-131.105
133.217
51.3898
-83.5795
-20.161
23.3408
-51.2753
-35.1905
5.02954
-65.1538
154.868
-24.4038
18.0563
-52.5728
-79.8245
-52.5728
-25.6152
23.3408
-52.5728
-24.4038
-52.5728
-4.27858
-51.2753
-52.5728
-52.5728
7.17594
-52.5728
-35.1905
-0.350038
45.3338
5.02954
59.2943
-25.7754
-12.0287
5.02954
18.0563
-75.4958
-19.9077
-5.72192
19.3243
15.3323
-170.712
-4.27858
-58.7583
45.3338
0.531359
-35.1905
-4.37033
-65.1538
-24.4038
-24.4038
39.9699
-52.5728
31.8122
-4.37033
-24.4038
-12.0287
7.17594
15.5081
6.22574
-2.36522
7.40374
-19.9077
-20.6489
-35.1905
59.2943
-25.7754
-25.5524
133.217
-164.179
-65.1538
-25.7001
-16.4978
-31.4766
-52.5728
-52.5728
28.4475
-14.0003
18.5876
75.2975
-150.641
12.8968
61.62
-58.7583
19.3243
-3.06961
27.8058
-12.8155
21.7648
-3.65081
-24.4038
-6.55774
-27.043
-52.5728
-52.5728
-20.161
-65.1538
71.3222
-24.4038
-52.5728
-58.7583
17.9264
-58.7583
61.62
-21.394
21.8126
154.868
-24.4038
-83.5795
-150.641
133.217
-52.5728
61.62
-52.5728
-83.5795
1.30236
-150.641
-24.4038
-27.043
-20.161
-52.5728
27.8058
-52.5728
-52.5728
-51.2753
-35.1905
-79.8245
-17.4983
15.5081
-52.5728
-35.1905
-52.5728
-52.5728
-52.5728
-65.1538
17.7545
-7.63675
-131.105
-12.8155
-65.1538
-37.5145
-2.36522
-36.6066
-5.32324
-17.5847
-4.37033
-27.043
7.17594
-12.0287
-4.37033
-35.1905
-52.5728
-65.1538
-58.7583
133.217
51.3898
9.43171
-35.1905
-65.1538
61.62
-37.5145
-52.5728
-25.7754
-27.043
-25.7001
35.7422
-24.4038
-71.6369
-9.08357
-13.9385
-25.7754
-167.178
75.2975
-71.6369
-16.4978
-24.4038
-4.37033
5.02954
-52.5728
13.0187
-65.1538
-4.37033
-3.06961
1.30236
-65.1538
-25.5524
-83.5795
-24.4038
-52.5728
133.217
18.0563
-52.5728
-75.4958
-83.5795
-36.0833
-20.161
-24.4038
-4.27858
-131.105
-25.7001
-22.5246
-4.37033
-13.9385
-131.105
8.67907
-71.6369
5.02954
-10.9935
-150.641
45.3338
-13.7037
-52.5728
-65.1538
-83.5795
-2.36522
6.79145
-4.37033
-35.1905
-36.6066
-58.7583
18.5876
-2.36522
-65.1538
-52.5728
-131.105
-35.1905
-52.5728
-52.5728
-16.4667
-131.105
-58.7583
-83.5795
-52.5728
24.6899
-65.1538
-3.06961
-52.5728
19.3243
-131.105
-131.105
-83.5795
-4.37033
-1.92367
-7.76178
-131.105
-150.641
-20.161
133.217
-24.4038
45.3338
-52.5728
14.5803
7.17594
18.0563
-9.98114
-131.105
75.2975
-5.81152
-65.1538
-4.37033
5.02954
18.5876
-52.5728
-0.350038
-20.161
-131.105
-52.5728
-13.0146
-6.55774
133.217
-25.7754
-52.5728
11.3531
-52.5728
-58.7583
23.3408
-12.0287
31.8122
-4.37033
-24.4038
-75.4958
-58.7583
-24.4038
21.7648
59.2943
-35.1905
-83.5795
-19.9077
-7.76178
-65.1538
-24.4038
-83.5795
-27.3177
-12.8155
-24.4038
-159.387
-12.0287
-7.78216
-36.0833
-52.5728
-12.0287
-71.6369
9.43171
35.7422
-65.1538
2.86157
24.7546
-4.37033
-164.179
3.88386
-131.105
28.4475
-25.7001
1.30236
0.788471
-35.1905
6.62653
24.6899
-35.1905
-65.1538
-52.5728
-58.7583
-4.31868
-19.4911
168.328
17.7545
-51.2753
-36.0833
-19.9077
-7.76178
133.217
23.3408
-52.5728
-27.043
-24.4038
-65.1538
-52.5728
-25.7754
-27.043
-4.37033
-35.1905
-131.105
-4.31868
23.037
-12.0287
-15.6696
21.7648
45.3338
-25.6152
-4.37033
-58.7583
5.02954
-27.043
-75.4958
-19.9077
-35.1905
-51.2753
1.60545
15.2524
-52.5728
-24.4038
15.2524
24.6899
-4.27858
-71.6369
21.7648
-4.27858
-27.043
-79.8245
-164.179
18.2131
-65.1538
-4.37033
-52.5728
-58.7583
3.26794
-0.350038
21.7648
-20.7528
64.5914
-20.161
-27.043
-65.1538
-35.1905
-52.5728
-4.37033
-52.5728
-83.5795
-52.5728
-52.5728
21.7648
-52.5728
-24.4038
51.3898
17.7545
77.8987
45.3338
-52.5728
-150.641
-3.20802
-52.5728
6.22574
154.868
-52.5728
5.02954
61.62
-27.043
-27.043
-6.55774
-35.1905
-12.5429
-52.5728
-58.7583
6.22574
1.30236
-20.161
-131.105
59.2943
17.1655
-36.0833
19.3243
-52.5728
-35.1905
-17.4983
-150.641
-78.0343
-83.5795
4.45105
-52.5728
15.5081
24.6899
-81.1526
-4.37033
-131.105
61.62
-83.5795
-131.105
-24.4038
28.9503
-36.6066
-24.4038
-35.1905
17.6054
19.3243
-12.0458
-35.1905
-65.1538
-12.0287
-4.37033
-52.5728
-25.6152
-131.105
-35.1905
-0.350038
-27.3177
-25.7001
-12.0564
-19.3029
-83.5795
-3.06961
-131.105
18.0563
-24.4038
-4.27858
-65.1538
-52.5728
31.8122
-150.641
5.02954
-35.1905
-4.27858
-131.105
-35.1905
7.17594
-52.5728
-52.5728
19.3243
13.764
-3.06961
-1.62101
-65.1538
-52.5728
59.2943
7.40374
-52.5728
154.868
21.7648
-37.5145
35.7422
61.62
21.7648
-13.7037
-171.839
7.40374
45.3338
18.5876
17.6054
59.2943
59.2943
28.9503
27.8058
-65.1538
21.7648
-52.5728
-24.4038
-170.712
-65.1538
-52.5728
161.968
-25.7001
18.8521
-58.7583
-31.4766
51.3898
14.5803
-13.9385
64.5914
15.1993
-24.4038
-51.2753
-35.1905
-78.0343
-20.7528
-4.37033
21.7648
-83.5795
-83.5795
-131.105
-150.641
-24.4038
-12.0458
21.8126
18.0563
-3.06961
-65.1538
-12.0287
-83.5795
-83.5795
24.6899
-52.5728
28.4475
-27.043
-52.5728
-71.6369
161.968
-150.641
-35.1905
-52.5728
-71.6369
-52.5728
-65.1538
-131.105
-24.4038
27.8058
-159.387
-36.6066
133.217
21.8126
3.26794
-65.1538
-65.1538
-25.7754
-58.7583
-35.1905
24.6899
-4.37033
-83.5795
-71.6369
-52.5728
-25.7754
12.8968
-150.641
-52.5728
21.7648
-65.1538
14.7282
-25.7001
-51.2753
-58.7583
-52.5728
-65.1538
-6.55774
-5.72192
-24.4038
-65.1538
15.7499
7.40374
-35.1905
-4.37033
61.62
-3.17542
-131.105
51.3898
1.30236
-83.5795
-24.4038
21.7648
-7.97729
23.037
-24.4038
45.3338
-52.5728
-27.043
-2.82719
-52.5728
-65.1538
-24.4038
-6.55774
-65.1538
-58.7583
-25.5524
-12.0458
-6.55774
-16.4667
-19.3029
21.7648
-25.7754
-12.0287
-14.2943
-58.7583
17.1655
61.62
-27.043
21.1687
-52.5728
59.2943
-37.5145
-35.1905
-22.5246
-52.5728
7.17594
-6.55774
-83.5795
64.5914
-52.5728
-27.289
-52.5728
21.7648
-20.161
-52.5728
-12.8155
45.3338
61.62
-35.1905
-52.5728
-8.02744
-83.5795
4.40553
-65.1538
-24.4038
-4.37033
21.7648
-27.3177
-35.1905
-3.06961
-12.0287
-25.5524
-52.5728
-20.6489
15.5081
51.3898
-36.0833
35.7422
-24.4038
3.26794
-35.1905
-12.0458
-4.37033
-52.5728
-71.6369
-4.37033
-65.1538
-27.043
-27.289
45.3338
-4.37033
3.26794
-8.02744
-4.27858
1.30236
-21.394
-36.0833
-65.1538
4.10328
-65.1538
16.6603
-58.7583
35.7422
-52.5728
-1.92367
-36.0833
-7.76178
-58.7583
-52.5728
-27.3177
-65.1538
-52.5728
51.3898
-51.2753
-65.1538
-10.9935
28.9503
-25.7754
-31.4766
18.8521
77.8987
-65.1538
-4.37033
16.6254
0.155144
-24.4038
-83.5795
10.4049
-36.6066
-36.6066
0.531359
31.8122
-52.5728
-83.5795
3.66859
21.8126
-27.043
-58.7583
-20.161
-83.5795
-8.02744
-83.5795
-131.105
-24.4038
5.84544
-35.1905
-8.37957
-52.5728
-25.7754
-12.8155
-37.5145
-83.5795
-52.5728
18.8521
-58.7583
-35.1905
165.844
-36.6066
-4.37033
-27.043
-51.2753
-131.105
15.2732
-35.1905
-25.7754
3.26794
-65.1538
-52.5728
-35.1905
-131.105
11.5797
-19.9077
-150.641
-52.5728
-65.1538
-79.8245
-12.0458
11.6688
4.45105
-131.105
-131.105
-36.0833
-36.6066
-25.5524
15.7499
64.5914
-65.1538
-52.5728
2.86157
-51.2753
-52.5728
-52.5728
51.3898
7.40374
-83.5795
-12.0287
-169.227
75.2975
15.5081
-24.4038
-12.8155
-13.9385
5.02954
5.02954
-52.5728
-12.6673
-24.4038
-52.5728
31.8122
23.037
-17.4983
45.3338
-3.17542
-17.4647
-35.1905
-35.1905
39.9699
-4.37033
51.3898
-52.5728
7.17594
-36.0833
-36.0833
-24.4038
1.30236
-131.105
20.8977
45.3338
28.9503
-27.043
-71.6369
-52.5728
21.7648
21.7648
24.6899
-25.7754
133.217
-52.5728
23.3408
-52.5728
5.31459
-58.7583
-1.92367
31.8122
61.62
-0.28537
-52.5728
-12.0287
-52.5728
-22.5246
-12.0287
-25.7001
31.8122
-58.7583
-52.5728
7.08619
-131.105
-78.0343
34.6622
-131.105
59.2943
-65.1538
9.65043
-35.1905
24.7546
-24.4038
-24.4038
-52.5728
133.217
-52.5728
-8.02744
-19.9077
-52.5728
-52.5728
-65.1538
-31.4766
39.9699
-52.5728
-83.5795
-35.1905
-24.4038
-12.0287
28.9503
18.0563
133.217
-24.4038
-83.5795
133.217
-36.0833
-51.2753
-71.6369
-52.5728
-65.1538
-27.043
-52.5728
45.3338
59.2943
-35.1905
-83.5795
64.5914
35.7422
-52.5728
-52.5728
-52.5728
-65.1538
-27.043
-4.37033
-131.105
39.9699
-131.105
-25.7754
-65.1538
-65.1538
14.8292
-131.105
133.217
-36.0833
-24.4038
11.108
3.12356
22.1742
-52.5728
-12.0287
-27.043
-3.06961
-27.043
-65.1538
15.5081
45.3338
15.5081
-52.5728
-3.06961
-4.37033
-25.6152
-4.37033
168.328
-19.9077
-7.76178
7.17594
-150.641
28.9503
-52.5728
61.62
-0.580486
-20.7528
-20.161
-52.5728
-1.40062
-78.0343
-52.5728
-159.387
7.17594
-83.5795
-150.641
-58.7583
161.968
-27.043
5.02954
31.8122
15.2524
34.6622
-24.4038
35.7422
21.7648
-36.6066
-78.0343
31.8122
-25.7754
-35.1905
-4.37033
9.43171
-4.37033
-65.1538
7.40374
-83.5795
6.62653
-35.1905
-71.6369
5.02954
-25.5524
-6.55774
133.217
23.3408
-65.1538
-25.5524
59.2943
-4.37033
-25.7754
31.8122
-65.1538
-27.289
-52.5728
-65.1538
-6.55774
-35.1905
-35.1905
-4.37033
-3.06961
3.26794
-35.1905
28.9503
-27.043
-25.7001
-58.7583
-37.5145
-27.043
-27.043
-83.5795
-35.1905
-36.0833
133.217
-52.5728
-24.4038
-52.5728
-150.641
-27.043
-24.4038
168.328
-5.32324
-36.0833
133.217
-58.7583
-35.1905
-10.9935
-79.8245
-25.7001
-131.105
-58.7583
-35.1905
165.844
133.217
-3.20802
133.217
-52.5728
-71.6369
5.02954
59.2943
59.2943
-5.81152
-71.6369
34.6622
-83.5795
-4.37033
27.8058
-52.5728
-24.4038
-131.105
-24.4038
-52.5728
-4.31868
-71.6369
-12.0458
-52.5728
-19.9077
-16.4978
-52.5728
-150.641
-83.5795
6.22574
-58.7583
-52.5728
21.7648
-19.9077
-25.7754
-24.4038
61.62
-24.4038
-52.5728
-83.5795
-58.7583
-52.5728
-35.1905
5.02954
-25.7001
-31.4766
-58.7583
59.2943
19.3243
61.62
-65.1538
-4.27858
-24.4038
-36.6066
-25.7754
-51.2753
61.62
5.02954
-75.4958
133.217
-35.1905
45.3338
-65.1538
-24.4038
51.3898
35.7422
-131.105
12.8968
-27.043
59.2943
7.17594
-24.4038
-4.77796
23.037
-83.5795
-71.6369
35.7422
-164.179
21.7648
-4.31868
-25.7754
-52.5728
-58.7583
-12.0287
-58.7583
154.868
-31.4766
-36.6066
-24.4038
-12.8155
13.727
-12.8155
-16.4978
-25.7001
-4.37033
23.3408
-52.5728
-52.5728
20.8977
5.02954
17.7545
-24.4038
64.5914
-12.0458
-71.6369
-65.1538
61.62
24.7546
-25.7754
-19.9077
-35.1905
-35.1905
-82.9881
-31.4766
-35.1905
-79.8245
-4.37033
-52.5728
-52.5728
-131.105
-52.5728
-52.5728
31.8122
-52.5728
-51.2753
45.3338
-27.043
-21.394
133.217
3.08431
-24.4038
-52.5728
-4.27858
-65.1538
18.8521
-35.1905
-27.043
-36.6066
7.17594
-25.7754
-27.043
-52.5728
-52.5728
-31.4766
-4.37033
-52.5728
-27.289
21.7648
39.9699
-52.5728
-12.8155
-83.5795
45.3338
19.2215
-52.5728
34.6622
-8.02744
-83.5795
-75.4958
-52.5728
-4.37033
51.3898
-65.1538
-15.4884
-24.4038
-12.0287
-35.1905
-52.5728
-37.5145
-24.4038
-52.5728
-4.37033
-164.179
59.2943
-24.4038
-19.9077
-17.5847
-24.4038
-24.4038
-131.105
-52.5728
-131.105
-52.5728
-131.105
-25.5524
-65.1538
-75.4958
-3.06961
-52.5728
-7.76178
-19.9077
-4.35411
-58.7583
-12.0458
-12.0287
9.43171
-83.5795
27.8058
18.2131
-51.2753
-65.1538
-71.6369
-17.5847
-52.5728
133.217
3.26794
-24.4038
-31.4766
-83.5795
-131.105
-27.3177
-35.1905
-65.1538
3.26794
-83.5795
-82.1759
-27.043
61.62
-7.76178
-58.7583
21.7648
154.868
61.62
-52.5728
-83.5795
-21.394
22.1742
-37.5145
-12.0287
12.8665
-27.043
-27.043
-1.92367
-52.5728
-4.37033
-52.5728
20.8977
-20.161
-79.8245
-52.5728
35.7422
-65.1538
-51.2753
59.2943
15.5081
-7.97729
-36.6066
-27.043
-159.387
-52.5728
5.02954
-52.5728
-52.5728
-52.5728
-71.6369
-35.1905
-81.1526
21.7648
20.8977
-35.1905
-65.1538
-83.5795
-27.043
-7.02342
39.9699
-65.1538
-83.5795
-131.105
-164.179
-35.1905
-4.37033
-35.1905
-36.0833
-35.1905
-12.0287
-78.0343
-51.2753
-35.1905
-52.5728
-131.105
-83.5795
-51.2753
-35.1905
-65.1538
10.2932
-131.105
-25.7754
-15.4884
1.30236
-52.5728
-150.641
-81.1526
154.868
-65.1538
59.2943
59.2943
-83.5795
-52.5728
-8.02744
59.2943
59.2943
-52.5728
-1.92367
-14.9972
59.2943
-131.105
61.62
-58.7583
-169.227
59.2943
-31.4766
-1.92367
-52.5728
3.08431
17.1655
5.02954
-12.0287
-150.641
-52.5728
-164.179
-36.6066
28.9503
-83.5795
-75.4958
-4.27858
133.217
-25.7754
-24.4038
-7.76178
-35.1905
-65.1538
7.17594
-52.5728
-35.1905
133.217
-35.1905
-58.7583
-11.854
-25.7754
-83.5795
-25.7754
-20.7528
-83.5795
61.62
-24.4038
23.3408
-58.7583
-75.4958
-24.4038
45.3338
-24.4038
7.17594
-4.37033
-12.0458
6.22574
23.037
-65.1538
-24.4038
-52.5728
-24.4038
-83.5795
133.217
-4.27858
0.788471
-65.1538
-6.55774
-24.4038
-35.1905
-35.1905
-83.5795
0.919681
-35.1905
-52.5728
-58.7583
-24.4038
-13.9385
71.3222
-58.7583
4.78026
39.9699
-52.5728
21.7648
-17.5847
-4.37033
-16.8654
-25.7754
-58.7583
-4.37033
7.08619
-16.4978
-52.5728
-27.043
-52.5728
-58.7583
-52.5728
-2.36522
-52.5728
168.328
-159.387
-83.5795
-35.1905
-35.1905
-20.161
-71.6369
-52.5728
-12.0564
12.8968
154.868
-3.06961
-52.5728
-52.5728
-83.5795
-25.7754
-83.5795
-52.5728
-58.7583
-58.7583
-4.37033
45.3338
-3.06961
-4.27858
5.02954
21.7648
-131.105
-83.5795
-27.043
27.8058
-131.105
-35.1905
-25.6152
23.3408
51.3898
-16.2353
-52.5728
21.1687
-31.4766
-3.06961
-52.5728
11.4089
-58.7583
39.9699
45.3338
-65.1538
5.02954
-52.5728
-65.1538
45.3338
-35.1905
-9.08357
-65.1538
59.2943
-11.854
-131.105
5.02954
-65.1538
-65.1538
-58.7583
-52.5728
-159.387
-131.105
-58.7583
21.7648
-16.4667
-65.1538
-24.4038
-75.4958
21.7648
-24.4038
-65.1538
-83.5795
-83.5795
5.02954
-52.5728
45.3338
-65.1538
-131.105
-65.1538
-20.6489
-12.8155
6.61196
61.62
-24.4038
-25.7001
-7.97729
-78.0343
-65.1538
-131.105
31.8122
-25.7754
-79.8245
-27.043
-52.5728
-36.0833
-8.30643
-52.5728
-83.5795
39.9699
-35.1905
-12.0287
-35.1905
14.8292
-150.641
61.62
-52.5728
-83.5795
-52.5728
-25.7754
-25.7754
-52.5728
28.9503
59.2943
-10.4439
154.868
-35.1905
34.6622
-4.35411
-4.37033
-25.7754
-52.5728
-25.7754
-35.1905
-4.31868
-12.8155
5.02954
79.7263
-25.7001
-35.1905
-25.7754
-1.62101
-65.1538
71.3222
-58.7583
59.2943
39.9699
-52.5728
-27.043
59.2943
-75.4958
-5.57856
-7.97729
133.217
13.3453
-52.5728
-82.1759
-52.5728
35.7422
133.217
-36.0833
-12.0458
-4.37033
28.4475
-131.105
-31.4766
-52.5728
4.10328
-65.1538
19.2215
31.8122
-65.1538
-35.1905
-12.0287
31.8122
-52.5728
-79.8245
-27.043
20.8977
161.968
24.6899
45.3338
-24.4038
-16.4978
-8.30643
31.8122
-81.1526
-71.6369
-20.161
-12.0458
-159.387
-4.37033
-52.5728
22.1742
-150.641
133.217
-27.043
-51.2753
-52.5728
-20.161
34.6622
-75.4958
-27.043
-83.5795
-4.27858
12.9259
-52.5728
-131.105
45.3338
10.4049
-12.8155
-52.5728
-12.0458
-52.5728
-37.5145
-25.7754
-20.161
-131.105
-35.1905
-58.7583
-52.5728
45.3338
-16.2353
-52.5728
-164.179
-78.0343
21.7648
-78.0343
-58.7583
-8.37957
-8.02744
-24.4038
-25.7754
71.3222
-83.5795
-52.5728
154.868
-51.2753
-164.179
-35.1905
-27.043
-2.36522
-52.5728
17.1655
-31.4766
45.3338
14.5803
-150.641
-52.5728
15.7499
-52.5728
133.217
-25.7754
-65.1538
-27.043
-25.6152
-20.161
-52.5728
-58.7583
-0.350038
-10.9935
-52.5728
-58.7583
-52.5728
45.3338
-3.06961
34.6622
28.4475
-58.7583
28.4475
-52.5728
61.62
-2.36522
-8.02744
-83.5795
-36.0833
-35.1905
-27.043
5.02954
45.3338
-27.043
4.10328
21.8126
1.60545
-52.5728
61.62
-15.6696
-20.161
-83.5795
51.3898
19.2215
18.5876
-20.161
3.26794
-131.105
39.9699
-2.52126
-81.1526
-24.4038
17.1655
39.9699
-52.5728
-65.1538
10.4049
7.40374
-12.8155
-52.5728
-35.1905
-12.0775
-35.1905
-24.4038
5.02954
-131.105
-27.289
-131.105
-37.5145
1.30236
-12.0458
-83.5795
-83.5795
-65.1538
19.2215
39.9699
-25.6152
-17.4647
-52.5728
-3.09649
-65.1538
-4.37033
-21.394
-58.7583
-35.1905
-27.043
51.3898
-25.7754
-52.5728
-25.6152
-27.043
-27.3177
-65.1538
-8.37957
-52.5728
-83.5795
45.3338
45.3338
61.62
-65.1538
-35.1905
5.02954
-65.1538
61.62
154.868
-3.06961
34.6622
-27.289
6.22574
39.9699
28.9503
-58.7583
71.3222
-65.1538
-12.0287
0.155144
-51.2753
-36.6066
-36.6066
7.40374
7.17594
-12.0287
154.868
-36.6066
35.7422
-52.5728
-20.6489
-52.5728
-52.5728
-52.5728
-10.757
-31.4766
-52.5728
-52.5728
-37.5145
-27.043
-52.5728
-24.4038
-52.5728
35.7422
-51.2753
-24.4038
-58.7583
-24.4038
7.40374
21.7648
-35.1905
18.5876
75.2975
-159.387
-75.4958
17.9264
-58.7583
28.4475
-25.5524
-35.1905
133.217
-4.27858
51.3898
-12.8155
-71.6369
35.7422
-52.5728
21.7648
7.17594
-36.0833
-169.227
-12.0287
5.02954
-52.5728
-27.043
-52.5728
-83.5795
133.217
-35.1905
-25.7754
-3.17542
-36.6066
5.02954
-35.1905
61.62
34.6622
21.1687
27.8058
45.3338
61.62
-25.7754
-24.4038
-16.4978
-9.08357
-4.37033
154.868
-65.1538
21.8126
64.5914
-51.2753
28.4475
-83.5795
-58.7583
133.217
-4.37033
-131.105
-19.4911
-24.4038
-35.1905
-51.2753
-35.1905
-36.0833
61.62
-52.5728
-52.5728
21.7648
39.9699
-52.5728
5.02954
-35.1905
-35.1905
-52.5728
-20.7528
133.217
61.62
-52.5728
-35.1905
-24.4038
-25.7754
-12.0287
45.3338
-8.37957
7.40374
-58.7583
-83.5795
-4.27858
-58.7583
-4.37033
-36.6066
-51.2753
-36.0833
-4.31868
-13.0789
-24.4038
21.7648
-58.7583
-35.1905
-52.5728
-131.105
-51.2753
-78.0343
-25.7754
-52.5728
7.08619
-159.387
5.02954
12.1644
35.7422
-170.712
59.2943
-52.5728
3.26794
17.1655
-58.7583
-83.5795
5.02954
-52.5728
-52.5728
-52.5728
-35.1905
21.7648
-12.0287
-25.7754
-58.7583
61.62
-9.98114
-24.4038
-35.1905
-52.5728
-83.5795
168.328
31.8122
61.62
-58.7583
-4.37033
-83.5795
-83.5795
51.3898
-37.5145
-58.7583
-37.5145
-52.5728
-52.5728
-164.179
-52.5728
-0.28537
-65.1538
-20.7528
-52.5728
-12.8155
-150.641
-27.043
-83.5795
24.7546
-52.5728
2.86157
7.17594
34.6622
-24.4038
-35.1905
-4.37033
-58.7583
-52.5728
61.62
31.8122
-159.387
-35.1905
-35.1905
-35.1905
-27.043
-71.6369
-52.5728
-35.1905
-4.37033
-27.3177
-4.37033
-4.37033
59.2943
-12.0287
28.9503
-83.5795
15.7499
17.1655
-159.387
9.97936
-52.5728
-25.7001
51.3898
-5.81152
-31.4766
-52.5728
14.8292
-167.178
-12.8155
-35.1905
-25.7001
5.02954
-78.0343
27.8058
-58.7583
-4.37033
-83.5795
-78.0343
-83.5795
-65.1538
64.5914
-24.4038
19.2215
-58.7583
59.2943
-12.8155
-58.7583
-37.5145
45.3338
-131.105
-52.5728
-65.1538
-52.5728
23.3408
19.3243
-37.5145
-24.4038
-24.4038
15.5081
-27.043
-20.161
61.62
-71.6369
-24.4038
-36.6066
-16.4978
-52.5728
-78.0343
19.3243
-52.5728
-35.1905
-7.76178
-52.5728
11.4089
-52.5728
0.0901161
-65.1538
-4.37033
-52.5728
34.6622
71.3222
-24.4038
45.3338
-27.043
-52.5728
-51.2753
-58.7583
-25.7754
45.3338
-83.5795
59.2943
35.7422
-20.6489
-27.043
-10.6169
133.217
-12.0564
-52.5728
39.9699
170.064
34.6622
-35.1905
-83.5795
-159.387
0.155144
19.2215
-52.5728
-25.7001
-36.0833
19.3243
-65.1538
-35.1905
-7.94113
-36.6066
21.7648
-35.1905
-35.1905
-14.2943
-78.0343
-52.5728
-51.2753
-27.289
-20.161
-83.5795
-24.4038
-150.641
-52.5728
-65.1538
-83.5795
34.6622
-65.1538
35.7422
-4.37033
21.7648
-25.7754
-65.1538
-36.0833
-24.4038
-58.7583
-16.4978
-16.4978
133.217
-52.5728
-75.4958
-24.4038
-52.5728
-52.5728
-65.1538
-25.7754
-24.4038
-27.289
-52.5728
14.5803
-24.4038
-12.0458
-58.7583
-78.0343
-21.0243
-52.5728
-65.1538
24.7546
7.17594
-35.1905
-52.5728
21.8126
-17.4983
-52.5728
-35.1905
-4.27858
-58.7583
-36.0833
-65.1538
-12.0458
19.3243
21.7648
-131.105
133.217
-27.289
-71.6369
-27.043
-52.5728
-71.6369
-4.37033
-52.5728
-36.0833
39.9699
-35.1905
-11.9346
-83.5795
23.3408
154.868
-12.0287
-1.92367
-78.0343
-35.1905
11.108
-3.06961
-51.2753
-131.105
-24.4038
-159.387
-24.4038
-24.4038
39.9699
-52.5728
-71.6369
21.7648
-27.289
17.6054
23.3408
21.8126
-52.5728
51.3898
-3.06961
15.5081
15.5081
-3.06961
15.5081
-24.4038
-24.4038
31.8122
-27.043
-36.6066
-7.97729
-65.1538
154.868
-52.5728
-4.71729
-78.0343
-4.37033
18.2131
4.10328
-71.6369
31.8122
-65.1538
-37.5145
-12.0287
9.10663
28.4475
-27.043
-83.5795
61.62
-58.7583
-52.5728
-24.4038
61.62
5.02954
165.844
-14.1754
4.45105
-3.06961
-52.5728
-24.4038
61.62
3.26794
-35.1905
-17.4983
14.6303
5.02954
-52.5728
-24.4038
-52.5728
45.3338
-24.4038
-36.6066
-24.4038
1.30236
-24.4038
21.7648
-65.1538
28.9503
-71.6369
-131.105
51.3898
-52.5728
-52.5728
-58.7583
-10.6169
13.3453
-12.8155
9.65043
-36.0833
-24.4038
-24.4038
-24.4038
-58.7583
61.62
-20.6489
-3.06961
-51.2753
-65.1538
-4.37033
7.17594
161.968
-36.0833
-58.7583
-27.043
-65.1538
-65.1538
-25.7754
61.62
-78.0343
-164.179
-167.178
-52.5728
39.9699
-4.37033
-65.1538
-36.0833
-150.641
-4.37033
-4.37033
-58.7583
23.3408
39.9699
-83.5795
-35.1905
59.2943
-65.1538
-24.4038
133.217
-167.178
15.5081
6.22574
-65.1538
45.3338
-65.1538
-52.5728
61.62
-4.37033
23.037
5.02954
-78.0343
-65.1538
-24.4038
-21.394
-83.5795
-35.1905
-11.1149
-83.5795
-20.161
-83.5795
15.5081
-4.37033
-52.5728
-5.72192
-58.7583
-36.0833
-3.17542
18.8521
-52.5728
-3.06961
21.7648
17.9264
-83.5795
-35.1905
34.6622
-51.2753
17.1655
-35.1905
0.788471
-12.0287
-159.387
-21.0243
35.7422
-35.1905
133.217
0.919681
-52.5728
18.5876
-150.641
14.5803
-24.4038
-19.9077
-25.7001
-52.5728
-150.641
-20.161
-83.5795
161.968
7.17594
-24.4038
-24.4038
154.868
18.0563
-65.1538
-35.1905
21.7648
-83.5795
-131.105
-150.641
14.5803
-14.701
-4.77796
7.40374
-36.0833
-65.1538
45.3338
-58.7583
-83.5795
-24.4038
-83.5795
5.02954
-52.5728
-65.1538
-27.043
-65.1538
5.02954
-24.4038
-4.37033
-52.5728
-52.5728
-4.37033
-71.6369
-25.7001
-35.1905
61.62
5.02954
-4.37033
-24.4038
-150.641
-25.5524
10.4963
61.62
-35.1905
24.6899
133.217
-52.5728
-4.27858
-35.1905
59.2943
-83.5795
45.3338
-20.161
17.1655
-9.08357
7.40374
-12.0287
-12.8155
-31.4766
-24.4038
-83.5795
-27.043
-16.4978
-164.179
15.7499
-65.1538
-16.4978
-131.105
-4.37033
-24.4038
-8.02744
-52.5728
-65.1538
-14.0003
-52.5728
19.3243
154.868
15.3323
21.8126
-4.37033
-20.6489
19.2215
-35.1905
-36.0833
154.868
15.5081
-52.5728
-52.5728
-52.5728
61.62
-52.5728
28.4475
-58.7583
133.217
-36.0833
-16.4978
-51.2753
51.3898
-83.5795
-58.7583
64.5914
-52.5728
35.7422
154.868
-83.5795
-52.5728
-82.1759
-131.105
-52.5728
-12.8155
-4.37033
1.60545
-27.289
-35.1905
-27.3177
-52.5728
21.7648
-52.5728
-52.5728
31.8122
19.2215
39.9699
-27.289
6.22574
154.868
-71.6369
-65.1538
-25.7001
-58.7583
-83.5795
-25.7001
51.3898
-21.0243
-164.179
-52.5728
23.037
-131.105
-27.289
-4.37033
-6.55774
-71.6369
-25.7754
-52.5728
6.22574
-83.5795
4.10328
-4.27858
59.2943
-24.4038
-75.4958
-4.37033
-52.5728
45.3338
15.5081
-3.17542
21.7648
9.10663
-52.5728
19.2215
-83.5795
-35.1905
-20.161
-83.5795
-4.37033
45.3338
-3.06961
15.5081
-52.5728
64.5914
-2.06328
-71.6369
59.2943
7.17594
-65.1538
51.3898
-25.7001
-25.7754
-71.6369
-52.5728
39.9699
5.02954
2.4197
-52.5728
-58.7583
-17.5847
9.97936
-52.5728
28.9503
61.62
-83.5795
-51.2753
-7.78216
-12.0564
45.3338
-83.5795
75.2975
18.0563
-9.08357
-13.9385
-52.5728
23.3408
-65.1538
-36.6066
-52.5728
-4.35411
-36.0833
-12.0287
-52.5728
-150.641
-52.5728
-35.1905
-24.4038
-8.02744
-4.37033
35.7422
22.1742
-51.2753
-78.0343
-27.043
-37.5145
-4.27858
-36.0833
5.02954
-52.5728
-131.105
-52.5728
-52.5728
-19.9077
21.7648
-3.06961
-65.1538
-24.4038
154.868
71.3222
34.6622
-65.1538
9.43171
5.02954
12.342
-150.641
24.7546
-52.5728
3.26794
-52.5728
-52.5728
-12.0287
-4.37033
-71.6369
154.868
5.02954
15.5081
-83.5795
-24.4038
-4.37033
-52.5728
1.30236
-27.043
14.5803
35.7422
-35.1905
-25.5524
-12.0287
-11.2138
-36.6066
7.40374
24.6899
-65.1538
61.62
-24.4038
-52.5728
-52.5728
3.26794
5.02954
15.2524
-65.1538
39.9699
-52.5728
-2.36522
-13.9385
-27.043
17.1655
-27.043
-51.2753
-6.55774
-3.06961
-4.37033
-31.4766
-52.5728
-51.2753
7.40374
-131.105
-24.4038
-24.4038
-52.5728
-83.5795
21.7648
-51.2753
-25.7754
133.217
-35.1905
-12.8155
-27.043
-52.5728
-52.5728
21.8126
-150.641
-5.81152
5.02954
-10.9935
17.1655
-52.5728
-27.043
-27.043
21.7648
-35.1905
-83.5795
-27.3177
-71.6369
51.3898
45.3338
-27.043
5.02954
154.868
-16.4978
7.08619
-52.5728
45.3338
-65.1538
-25.7001
-150.641
-20.6489
23.3408
-7.78216
-167.178
-16.4978
-52.5728
9.65043
9.65043
21.1687
-4.37033
-171.839
-4.27858
-52.5728
-12.0458
-83.5795
-65.1538
-52.5728
-52.5728
133.217
61.62
-58.7583
45.3338
-27.043
-4.37033
-83.5795
-4.37033
0.779632
34.6622
-131.105
-83.5795
-52.5728
9.43171
-58.7583
-25.7754
-24.4038
-25.7754
59.2943
21.7648
-24.4038
-78.0343
35.7422
5.02954
19.3243
15.5081
-27.043
-75.4958
-75.4958
-36.6066
-51.2753
-20.7528
-4.37033
61.62
-58.7583
-4.37033
5.02954
-36.6066
-10.9935
-12.0287
-83.5795
20.8977
-36.0833
-52.5728
-21.394
-83.5795
-159.387
-52.5728
-2.36522
-83.5795
-8.02744
-20.161
-24.4038
-24.4038
-35.1905
3.26794
11.3531
2.4197
21.7648
-52.5728
154.868
-27.043
34.6622
64.5914
-35.1905
12.8968
154.868
-24.4038
-131.105
-51.2753
-65.1538
-52.5728
-52.5728
-27.043
-12.0564
27.8058
-4.37033
59.2943
14.5803
51.3898
-24.4038
-24.4038
21.1687
51.3898
-131.105
-131.105
23.037
-27.289
31.8122
-51.2753
-27.043
-159.387
-4.37033
6.22574
-20.6489
-27.043
-36.0833
51.3898
-25.7754
-51.2753
-25.7754
45.3338
-52.5728
-58.7583
-65.1538
0.155144
21.8126
133.217
-75.4958
-58.7583
-78.0343
-52.5728
-65.1538
-3.06961
19.3243
-27.043
61.62
-4.37033
-83.5795
-35.1905
35.7422
5.02954
-82.9881
-52.5728
7.08619
39.9699
-58.7583
-52.5728
3.17685
-2.36522
-52.5728
-83.5795
-27.043
-25.7001
-3.20802
59.2943
-58.7583
19.3243
-35.1905
-27.289
-83.5795
-65.1538
-4.35411
-24.4038
-20.6489
-167.178
-12.8155
-83.5795
-58.7583
-35.1905
-27.043
-131.105
11.0988
-3.06961
24.7546
-27.043
59.2943
-36.0833
-83.5795
-16.9402
39.9699
9.07396
-3.06961
-131.105
51.3898
-7.05824
-52.5728
-24.4038
-24.4038
34.6622
-17.5847
-65.1538
-25.7754
24.6899
-24.4038
-150.641
-65.1538
-37.5145
34.6622
-51.2753
-25.5524
-35.1905
-65.1538
-12.0287
-71.6369
-25.6152
-12.0287
-75.4958
-24.4038
28.9503
-20.161
-27.043
-24.4038
-27.043
-36.6066
-25.7754
23.037
-52.5728
-52.5728
-27.289
-52.5728
-52.5728
-52.5728
-20.6489
-52.5728
-52.5728
21.7648
-12.0287
-35.1905
-25.7754
-150.641
-25.5524
-83.5795
59.2943
-19.9077
-65.1538
-52.5728
-24.4038
59.2943
-65.1538
-52.5728
-12.8155
39.9699
39.9699
-25.7754
5.02954
-3.06961
31.8122
-52.5728
-3.95219
-52.5728
28.4475
39.9699
-159.387
-35.1905
-7.97729
-8.02744
5.02954
59.2943
-71.6369
-52.5728
-65.1538
-150.641
-52.5728
64.5914
-58.7583
-131.105
-75.4958
-52.5728
-52.5728
133.217
-24.4038
-83.5795
-83.5795
-58.7583
-5.72192
-16.2353
-25.7001
-25.5524
-52.5728
-71.6369
-27.043
45.3338
-71.6369
-52.5728
-16.4978
-25.7754
-83.5795
-5.32324
-35.1905
-27.043
15.5081
-25.5524
3.26794
-131.105
-52.5728
-35.1905
-6.55774
15.3323
-11.0858
-4.37033
-25.7754
21.7648
34.6622
-25.5524
61.62
35.7422
-4.37033
-35.1905
-52.5728
-65.1538
-150.641
-52.5728
-52.5728
-71.6369
-36.6066
13.2215
-65.1538
-58.7583
6.15495
-131.105
-52.5728
-3.95219
-24.4038
-19.9077
18.5876
-35.1905
39.9699
-1.92367
-150.641
71.3222
17.6054
15.2524
23.037
-52.5728
-20.161
-65.1538
-52.5728
-52.5728
34.6622
-52.5728
-7.76178
14.7282
6.62653
-52.5728
-13.9385
-4.37033
-35.1905
-52.5728
39.9699
-24.4038
21.7648
133.217
-58.7583
9.65043
28.4475
23.3408
-83.5795
-65.1538
-58.7583
21.7648
-52.5728
-35.1905
-35.1905
15.2524
5.02954
-3.06961
51.3898
-52.5728
31.8122
7.17594
-52.5728
-3.20802
-35.1905
31.8122
-51.2753
-27.043
21.1687
-83.5795
-52.5728
-65.1538
-27.043
59.2943
-35.1905
-65.1538
-24.4038
-131.105
71.3222
-11.9346
-35.1905
-58.7583
45.3338
23.3408
-0.28537
21.7648
-35.1905
-25.7001
-52.5728
-35.1905
59.2943
-52.5728
28.9503
-58.7583
-83.5795
24.6899
-65.1538
-35.1905
-35.1905
15.7499
11.7567
-52.5728
-65.1538
61.62
61.62
-24.4038
35.7422
39.9699
61.62
39.9699
-4.37033
-52.5728
-2.36522
61.62
-52.5728
-36.0833
-27.043
-52.5728
-19.9077
-35.1905
-52.5728
-83.5795
-16.8654
-21.0243
-75.4958
19.3243
-75.4958
0.155144
133.217
-35.1905
-83.5795
-52.5728
-131.105
-52.5728
-52.5728
-36.6066
-6.55774
-17.4647
-51.2753
-52.5728
7.08619
-83.5795
-35.1905
-159.387
-4.35411
-150.641
-150.641
-52.5728
168.328
5.02954
-16.4667
-52.5728
61.62
39.9699
27.8058
-71.6369
3.88386
6.22574
-83.5795
61.62
-16.4978
-52.5728
-65.1538
-24.4038
21.7648
-25.6152
-2.36522
-19.9077
-52.5728
5.02954
-2.36522
-6.55774
-24.4038
21.7648
-4.37033
-65.1538
-71.6369
-71.6369
21.7648
161.968
34.6622
-52.5728
-83.5795
-52.5728
133.217
-24.4038
-35.1905
-20.161
-65.1538
59.2943
-25.7001
-25.7001
-65.1538
7.17594
-20.6489
19.2215
-4.27858
-25.7754
-65.1538
-27.043
0.155144
-25.7754
31.8122
-65.1538
-167.178
-27.3177
-131.105
3.26794
-24.4038
-65.1538
-35.1905
-27.3177
-25.7754
133.217
-52.5728
61.62
-25.7001
-65.1538
7.17594
-65.1538
-75.4958
22.1742
0.34607
-35.1905
7.8124
-52.5728
-75.4958
-52.5728
9.97936
-83.5795
5.02954
-37.5145
-2.36522
-65.1538
-24.4038
21.7648
-12.0458
-14.0003
-27.043
39.9699
-36.6066
34.6622
61.62
-58.7583
-52.5728
-27.043
-31.4766
-36.0833
-27.043
-52.5728
-24.4038
59.2943
-24.4038
-52.5728
-19.4911
-52.5728
-11.4403
-24.4038
-52.5728
-65.1538
-4.35411
-25.7754
-35.1905
-52.5728
28.9503
-65.1538
59.2943
-4.37033
-52.5728
-35.1905
-52.5728
-27.3177
17.1655
-52.5728
-65.1538
-52.5728
-24.4038
39.9699
-35.1905
-15.6696
-4.37033
-24.4038
-131.105
-131.105
133.217
-52.5728
-167.178
24.6899
-150.641
51.3898
-27.043
-52.5728
5.31459
-65.1538
-83.5795
-7.76178
-24.4038
-65.1538
-51.2753
-25.7001
-58.7583
-31.4766
-71.6369
-52.5728
-25.7001
-12.8155
-24.4038
-8.56412
31.8122
-65.1538
-24.4038
-4.37033
-25.7001
-58.7583
-35.1905
45.3338
-52.5728
7.17594
3.26794
-58.7583
5.02954
-52.5728
-36.0833
-7.76178
61.62
11.287
-52.5728
-71.6369
64.5914
-10.9935
-12.0287
-65.1538
-52.5728
-6.55774
-4.37033
-83.5795
-52.5728
-52.5728
-83.5795
-8.02744
-52.5728
-7.78216
-150.641
9.65043
34.6622
7.40374
-65.1538
-24.4038
28.4475
-5.57856
-150.641
-75.4958
-4.37033
-19.4911
-58.7583
-25.7754
-131.105
-65.1538
-65.1538
17.1655
-6.55774
-83.5795
51.3898
-8.02744
61.62
-52.5728
-71.6369
-150.641
-52.5728
45.3338
14.8292
-12.0287
-27.043
-27.043
-24.4038
28.9503
-52.5728
-52.5728
-14.2943
-16.2353
-52.5728
-52.5728
-24.4038
-51.2753
-36.0833
-2.36522
-52.5728
19.2215
-13.0146
-159.387
45.3338
64.5914
-20.161
-52.5728
-5.72192
-58.7583
-52.5728
-24.4038
19.3243
14.8292
-35.1905
154.868
-52.5728
35.7422
21.7648
-27.043
-27.289
-4.27858
17.1655
0.155144
-65.1538
-24.4038
-1.92367
-27.043
-58.7583
24.7546
-36.6066
15.3323
39.9699
-83.5795
5.02954
-52.5728
-52.5728
-35.1905
22.1742
34.6622
64.5914
-131.105
39.9699
-35.1905
34.6622
7.17594
-83.5795
31.8122
-52.5728
-20.161
61.62
-58.7583
-52.5728
-4.37033
-65.1538
5.02954
4.10328
45.3338
19.3243
-131.105
1.54894
21.7648
-51.2753
-71.6369
-13.0146
-65.1538
133.217
-4.35411
-12.0287
-83.5795
-4.27858
-27.043
-83.5795
-3.06961
-52.5728
-6.74469
45.3338
-83.5795
-20.161
-52.5728
133.217
-75.4958
-52.5728
-52.5728
-24.4038
34.6622
-4.27858
-24.4038
-65.1538
-36.0833
-52.5728
-65.1538
-58.7583
-131.105
-167.178
-19.9077
-58.7583
-35.1905
-20.161
165.844
21.7648
15.5081
-27.3177
-83.5795
-131.105
39.9699
-7.76178
-52.5728
-19.9077
-31.4766
-52.5728
-52.5728
-27.043
5.02954
-35.1905
-25.7754
45.3338
-52.5728
-35.1905
-36.0833
21.7648
-37.5145
61.62
31.8122
-65.1538
-24.4038
-35.1905
23.3408
-83.5795
-4.37033
-169.227
61.62
-24.4038
21.7648
9.43171
-52.5728
-52.5728
17.1655
-25.7754
-3.06961
-52.5728
-65.1538
-24.4038
-3.95219
-24.4038
-58.7583
-19.9077
-83.5795
-83.5795
-65.1538
-83.5795
15.1993
17.6054
-51.2753
-83.5795
-52.5728
-24.4038
-4.27858
-52.5728
-52.5728
-131.105
-75.4958
-27.289
-27.043
-52.5728
61.62
-83.5795
-51.2753
39.9699
-1.38966
-83.5795
71.3222
5.02954
-4.37033
59.2943
-24.4038
23.3408
-27.043
-24.4038
-52.5728
-25.7754
5.02954
1.30236
-24.4038
-4.37033
-4.37033
61.62
-24.4038
-24.4038
-83.5795
14.8292
-25.5524
5.02954
-24.4038
-25.7754
-65.1538
61.62
14.8292
133.217
154.868
-25.7754
-4.37033
-27.289
5.02954
-65.1538
-52.5728
-52.5728
-52.5728
-52.5728
-52.5728
-52.5728
5.02954
-25.7754
20.8977
-24.4038
-5.57856
-52.5728
-25.7001
-52.5728
18.5876
-24.4038
5.02954
-65.1538
-24.4038
133.217
-52.5728
-83.5795
-35.1905
-37.5145
-83.5795
-27.289
-65.1538
-52.5728
-164.179
-52.5728
154.868
3.26794
19.3243
45.3338
-131.105
-52.5728
-52.5728
-83.5795
-83.5795
51.3898
-52.5728
-131.105
19.2215
-25.7001
-25.7754
-52.5728
-164.179
-16.4978
-25.5524
-4.37033
-11.854
45.3338
133.217
-24.4038
-14.1754
-65.1538
61.62
-52.5728
-52.5728
-52.5728
1.30236
-65.1538
24.7546
71.3222
-4.37033
-35.1905
45.3338
-25.7001
-65.1538
-52.5728
17.9264
-52.5728
-24.4038
61.62
-52.5728
-25.7754
-4.37033
23.3408
-58.7583
2.4197
-65.1538
15.3323
-36.0833
-65.1538
19.3243
9.65043
-36.6066
-52.5728
-27.043
28.4475
-52.5728
-83.5795
133.217
-25.7754
-35.1905
-52.5728
-52.5728
34.6622
12.7238
12.1644
21.8126
-71.6369
-52.5728
-65.1538
-65.1538
-11.854
-24.4038
-24.4038
-79.8245
-52.5728
-27.043
-20.7528
-24.4038
1.30236
-24.4038
-4.27858
4.10328
-58.7583
-4.37033
-83.5795
-21.0243
31.8122
-83.5795
61.62
21.8126
-52.5728
-8.37957
-12.0564
-150.641
-52.5728
-52.5728
-24.4038
-51.2753
-52.5728
-83.5795
-58.7583
-164.179
7.17594
-131.105
45.3338
133.217
-71.6369
5.02954
35.7422
-131.105
2.49545
-24.4038
-17.5847
-83.5795
-131.105
-27.043
-36.6066
7.17594
-1.62101
19.3243
-24.4038
-52.5728
-51.2753
-21.0243
3.08431
51.3898
161.968
-12.8155
-12.0458
133.217
-52.5728
-20.7528
-35.1905
-2.06328
45.3338
-16.4978
-65.1538
-78.0343
-24.4038
-6.55774
-1.62101
-71.6369
-12.0287
-24.4038
-65.1538
-4.34931
-52.5728
-78.0343
-51.2753
-8.02744
-52.5728
7.17594
-51.2753
-24.4038
133.217
161.968
16.6254
-65.1538
-52.5728
14.8292
35.7422
-52.5728
-4.37033
-58.7583
21.7648
-25.7754
-65.1538
161.968
-36.0833
59.2943
35.7422
-52.5728
-16.4978
24.6899
-83.5795
71.3222
12.9259
-52.5728
-35.1905
-27.043
-22.5246
21.7648
-12.0287
28.4475
-4.37033
-83.5795
31.8122
59.2943
-27.043
-27.289
-52.5728
-3.06961
-35.1905
-36.0833
-75.4958
-36.0833
133.217
59.2943
34.6622
-52.5728
-52.5728
35.7422
-159.387
61.62
-1.62101
14.5803
-24.4038
-27.043
17.1655
39.9699
-25.7754
14.8292
-20.7528
-52.5728
45.3338
-27.043
-83.5795
-82.1759
51.3898
-52.5728
-19.9077
-65.1538
-169.227
1.60545
-131.105
-58.7583
0.34607
-5.32324
-58.7583
-25.7754
-35.1905
51.3898
6.69084
-4.27858
-65.1538
-52.5728
-35.1905
-131.105
-8.30643
45.3338
-24.4038
-24.4038
154.868
-52.5728
-75.4958
-52.5728
61.62
-52.5728
-170.712
24.6899
-150.641
-71.6369
-83.5795
-58.7583
15.2732
-51.2753
-75.4958
-52.5728
-20.7528
-150.641
-31.4766
3.26794
165.844
170.064
-35.1905
-25.7754
-35.1905
-35.1905
-58.7583
-24.4038
21.8126
-83.5795
-65.1538
17.7545
-14.1466
-131.105
-4.31868
-52.5728
-52.5728
-9.98114
-131.105
5.02954
-83.5795
-159.387
4.10328
-1.92367
61.62
59.2943
133.217
27.8058
6.22574
39.9699
-35.1905
-13.0146
31.8122
-22.5246
-52.5728
-52.5728
28.4475
-35.1905
-65.1538
-19.9077
-51.2753
11.7567
59.2943
28.9503
-12.8155
-24.4038
-58.7583
-27.043
-24.4038
154.868
-12.0458
35.7422
-8.02744
-4.37033
-78.0343
-83.5795
45.3338
-25.7001
13.2215
-8.02744
-131.105
45.3338
-35.1905
7.40374
-52.5728
-71.6369
154.868
6.61196
-52.5728
-20.7528
-35.1905
-13.7037
-58.7583
-27.043
6.62653
23.037
3.26794
-65.1538
-52.5728
-5.73711
-52.5728
-27.043
-27.043
-31.4766
-3.06961
-52.5728
1.30236
-35.1905
-16.9402
1.60545
-159.387
15.2524
-58.7583
-58.7583
-75.4958
-4.27858
133.217
-20.6489
-83.5795
5.02954
61.62
-35.1905
15.3323
-58.7583
-75.4958
161.968
-131.105
-71.6369
-36.0833
-65.1538
5.02954
-52.5728
-2.36522
-131.105
-52.5728
-12.0287
-4.27858
-27.043
-150.641
16.6254
-27.043
-21.394
-31.4766
-35.1905
-131.105
-65.1538
170.064
-71.6369
-52.5728
-150.641
-52.5728
-159.387
-52.5728
21.7648
-83.5795
-52.5728
-27.043
-52.5728
-35.1905
35.7422
-35.1905
-19.4911
-35.1905
-83.5795
-52.5728
-150.641
-52.5728
14.6303
21.8126
-4.31868
-35.1905
-10.9935
-36.0833
-150.641
9.7021
-83.5795
-52.5728
-71.6369
51.3898
-36.0833
-2.36522
-65.1538
18.5876
28.4475
-12.0458
-65.1538
-52.5728
-52.5728
-131.105
-71.6369
-52.5728
-83.5795
19.3243
-24.4038
-58.7583
-35.1905
17.7545
-65.1538
-25.7754
-65.1538
154.868
-52.5728
-131.105
-8.37957
-4.37033
-52.5728
-24.4038
-4.37033
-35.1905
154.868
-12.9248
-58.7583
15.1993
-65.1538
-52.5728
18.5876
-65.1538
9.97936
-35.1905
45.3338
-25.7754
-4.37033
61.62
-35.1905
-5.72192
-52.5728
-52.5728
7.17594
-65.1538
-1.92367
-35.1905
-25.7754
-4.27858
-131.105
61.62
-27.3177
-65.1538
-164.179
-58.7583
-58.7583
-20.161
19.3243
-150.641
-17.4647
-36.0833
-52.5728
61.62
-20.6489
-24.4038
0.155144
-52.5728
-52.5728
-150.641
-65.1538
-52.5728
-27.043
-35.1905
165.844
-131.105
15.5081
24.7546
-79.8245
22.1742
51.3898
-35.1905
-52.5728
-27.043
-20.161
1.30236
161.968
-83.5795
-24.4038
-52.5728
-131.105
-78.0343
-65.1538
-52.5728
71.3222
-51.2753
-12.0287
45.3338
-52.5728
-4.37033
-71.6369
-10.7439
-14.1754
-24.4038
4.10328
-52.5728
-75.4958
61.62
24.6899
-12.0287
5.02954
-24.4038
-12.0287
51.3898
-36.6066
-83.5795
-8.37957
13.3453
-51.2753
-35.1905
-8.02744
-83.5795
-37.5145
-83.5795
-35.1905
22.1742
-27.043
-171.839
-150.641
-52.5728
-4.37033
28.9503
-2.36522
22.1742
-131.105
-36.0833
-131.105
35.7422
39.9699
-27.043
-35.1905
-83.5795
-52.5728
-35.1905
23.3408
-4.37033
-65.1538
-52.5728
19.3243
-52.5728
-159.387
-159.387
14.5803
-51.2753
21.7648
154.868
-27.289
0.155144
-164.179
-3.06961
45.3338
12.1644
0.779632
-83.5795
154.868
-52.5728
-4.35411
-83.5795
-25.7754
-51.2753
-24.4038
-58.7583
-25.7754
24.7546
39.9699
-37.5145
-52.5728
-25.7754
14.7282
-58.7583
61.62
-16.4978
-75.4958
-12.0287
-52.5728
-52.5728
-131.105
-83.5795
-52.5728
-36.0833
-27.289
-78.0343
-150.641
-31.4766
21.7648
-17.4647
-27.043
7.17594
14.6723
45.3338
-16.2353
-52.5728
-9.98114
-27.3177
15.1993
-83.5795
-52.5728
-52.5728
15.7499
6.22574
-52.5728
154.868
-2.36522
7.17594
45.3338
154.868
31.8122
-65.1538
-52.5728
-78.0343
-58.7583
-24.4038
170.064
-24.4038
-25.6152
-65.1538
18.0563
-24.4038
161.968
-75.4958
-65.1538
-83.5795
-4.37033
-3.06961
-58.7583
-27.043
-3.06961
-7.76178
-35.1905
-58.7583
-58.7583
-71.6369
23.3408
-35.1905
-27.043
-19.9077
-71.6369
-27.043
64.5914
-52.5728
-3.06961
-37.5145
-52.5728
-22.5246
-24.4038
-52.5728
-2.36522
-52.5728
-12.0564
7.17594
-65.1538
-35.1905
31.8122
15.1993
-58.7583
-52.5728
-27.043
-52.5728
-52.5728
-52.5728
7.08619
18.5876
28.9503
23.037
-37.5145
-27.289
-83.5795
-35.1905
-4.37033
-12.0287
1.92093
75.2975
-12.0458
-24.4038
35.7422
13.1131
-24.4038
-12.0458
-1.62101
154.868
0.155144
154.868
-24.4038
-2.36522
-24.4038
-25.7001
-25.7001
-19.9077
-10.9935
-4.37033
-36.0833
22.1742
-16.4978
31.8122
-58.7583
21.7648
-12.8155
-4.37033
-31.4766
-12.0458
-21.0243
-4.37033
-27.043
-24.4038
-52.5728
-2.36522
-52.5728
-65.1538
-150.641
-52.5728
-83.5795
-75.4958
-83.5795
-10.757
-24.4038
-27.043
61.62
-52.5728
-35.1905
21.7648
-25.7754
-51.2753
11.4089
-3.17542
-52.5728
-24.4038
15.5081
-16.2353
-52.5728
-71.6369
154.868
61.62
-131.105
-24.4038
4.78026
133.217
-52.5728
-27.043
4.10328
35.7422
-35.1905
-52.5728
-31.4766
-12.9404
19.3243
-58.7583
-83.5795
-52.5728
-27.043
1.30236
-27.289
-65.1538
-52.5728
-131.105
-52.5728
-131.105
-167.178
-52.5728
3.26794
28.4475
31.8122
-3.06961
14.5803
-52.5728
18.2131
-16.4978
1.30236
4.10328
-4.37033
-35.1905
-71.6369
21.7648
18.5876
-52.5728
-150.641
-35.1905
133.217
-150.641
-164.179
17.9264
-52.5728
-52.5728
-83.5795
-4.37033
59.2943
-17.4647
12.8968
-52.5728
-52.5728
-24.4038
0.919681
-83.5795
-24.4038
-19.9077
64.5914
21.7648
59.2943
-20.7528
-12.0458
-131.105
-52.5728
-36.6066
-9.97722
1.30236
-12.0287
-131.105
-65.1538
-131.105
-83.5795
-52.5728
-83.5795
21.7648
-75.4958
154.868
-58.7583
-52.5728
-25.6152
-4.27858
-65.1538
-65.1538
59.2943
-25.7001
-35.1905
59.2943
-35.1905
-131.105
133.217
20.8977
21.7648
133.217
133.217
161.968
-51.2753
1.30236
-36.6066
-83.5795
-27.043
2.8212
-75.4958
-52.5728
61.62
161.968
-27.043
-35.1905
-150.641
-52.5728
5.02954
-52.5728
5.02954
-52.5728
-27.043
-52.5728
-35.1905
-51.2753
-65.1538
17.1655
-35.1905
-1.36254
7.17594
-75.4958
-52.5728
-65.1538
19.3243
-14.1754
-79.8245
59.2943
-3.20802
-12.0287
-12.0287
-52.5728
-8.37957
-52.5728
-4.37033
-52.5728
15.7499
-24.4038
-83.5795
-83.5795
-21.0243
9.43171
-65.1538
15.5081
61.62
-51.2753
-20.7528
-65.1538
-4.37033
-24.4038
-164.179
-21.394
45.3338
-131.105
-21.394
-1.62101
21.7648
133.217
-25.7754
6.22574
-65.1538
-52.5728
59.2943
12.9259
-65.1538
-65.1538
19.3243
-81.1526
-75.4958
-3.06961
-12.8155
61.62
34.6622
-21.0243
-150.641
-52.5728
-4.27858
22.1742
15.5081
-150.641
-25.5524
-25.6152
-36.0833
-52.5728
-4.27858
-35.1905
-35.1905
-52.5728
-24.4038
-24.4038
-4.37033
-131.105
-58.7583
-17.5847
-131.105
-52.5728
-31.4766
11.3531
-83.5795
-4.37033
-16.4978
51.3898
-52.5728
-24.4038
-35.1905
-52.5728
-25.7754
-71.6369
-21.394
-7.97729
-83.5795
18.8521
-52.5728
-25.7754
165.844
-52.5728
45.3338
-13.5371
17.9264
-83.5795
-24.4038
-3.06961
-24.4038
-35.1905
-36.6066
-0.471022
-83.5795
-52.5728
39.9699
27.8058
5.02954
-78.0343
-4.37033
14.5803
-35.1905
-24.4038
51.3898
-65.1538
-83.6481
18.8521
-20.161
154.868
7.08619
133.217
-17.4647
-37.5145
-12.0458
-52.5728
0.155144
-52.5728
-35.1905
45.3338
-27.043
31.8122
-37.5145
-131.105
-27.043
-169.227
-14.9972
-36.6066
-4.37033
-14.1754
-52.5728
12.1644
-52.5728
-131.105
4.10328
-12.0287
59.2943
-71.6369
-65.1538
-36.0833
-13.9385
5.02954
-22.5246
4.40553
-35.1905
-0.545998
-52.5728
19.2215
-17.4647
-83.5795
39.9699
-2.36522
23.3408
-25.7754
-24.4038
-12.0287
-52.5728
-25.7001
-12.0287
-25.7754
133.217
-52.5728
-35.1905
61.62
-52.5728
-83.5795
-35.1905
-0.350038
-16.9402
-83.5795
-24.4038
-27.043
-83.5795
-65.1538
-7.76178
-27.043
-12.8155
-131.105
-4.37033
-65.1538
-6.55774
-58.7583
-12.0458
-4.31868
-52.5728
-52.5728
-83.5795
-3.06961
133.217
-27.043
-25.6152
5.02954
-83.5795
45.3338
35.7422
-36.0833
11.0732
-7.76178
-24.4038
133.217
24.7546
15.5081
-24.4038
-83.5795
-37.5145
-3.17542
-36.0833
-52.5728
-25.7754
59.2943
-20.161
-51.2753
21.7648
-12.0458
-4.37033
-24.4038
-22.5246
-27.043
-24.4038
-65.1538
-24.4038
-52.5728
-6.55774
23.3408
-52.5728
-52.5728
-65.1538
-65.1538
3.88386
-58.7583
-52.5728
-52.5728
-35.1905
-24.4038
-24.4038
-159.387
-131.105
-24.4038
-58.7583
-37.5145
-52.5728
-36.6066
-35.1905
133.217
-79.8245
1.30236
-83.5795
61.62
-164.179
-12.0287
35.7422
-24.4038
-52.5728
-52.5728
-58.7583
-83.5795
-52.5728
-65.1538
51.3898
-24.4038
-36.0833
0.155144
-31.4766
-25.7754
-8.37957
1.30236
3.26794
28.4475
24.6899
-164.179
-65.1538
15.5081
-8.37957
-51.2753
-36.0833
-4.37033
-65.1538
39.9699
-4.37033
-4.37033
-3.06961
-24.4038
-3.06961
-25.7754
-12.8155
71.3222
15.5081
24.6899
19.3243
14.8292
-131.105
-4.37033
-52.5728
-24.4038
-25.7754
-24.4038
-31.4766
-58.7583
-78.0343
-11.854
-25.7754
-27.043
10.0091
18.5876
-37.5145
-27.043
-83.5795
-51.2753
21.7648
-36.0833
-27.043
45.3338
-20.6489
-65.1538
7.17594
-4.37033
-12.0287
-65.1538
161.968
-12.0287
-83.5795
31.8122
-52.5728
-4.27858
-24.4038
-131.105
-12.0287
-65.1538
21.7648
-12.0287
-35.1905
1.30236
-51.2753
-52.5728
-58.7583
-4.37033
-35.1905
24.6899
23.3408
-52.5728
-52.5728
14.8292
-83.5795
4.10328
-58.7583
-52.5728
-12.0287
-25.7754
-78.0343
34.6622
-25.7754
-10.6169
-11.9346
-52.5728
-4.37033
-27.043
-24.4038
9.15882
9.43171
-24.4038
27.8058
-83.5795
-52.5728
-52.5728
35.7422
-65.1538
-36.0833
-150.641
3.26794
-25.7754
-52.5728
-164.179
61.62
-4.37033
-65.1538
-58.7583
-52.5728
28.9503
-131.105
-24.4038
-65.1538
-24.4038
-52.5728
-24.4038
-27.043
-35.1905
-12.0287
-150.641
-83.5795
-17.5847
-65.1538
-51.2753
-35.1905
39.9699
51.3898
31.8122
-12.0287
-51.2753
-159.387
35.7422
21.7648
-52.5728
-35.1905
-65.1538
168.328
28.9503
61.62
-16.4978
-71.6369
61.62
-52.5728
-12.8155
-25.6152
35.7422
-52.5728
-20.161
-52.5728
-58.7583
5.02954
20.8977
28.4475
-4.37033
-52.5728
3.88386
23.3408
-71.6369
-65.1538
61.62
7.08619
-13.9385
-71.6369
51.3898
-83.5795
-52.5728
-4.37033
-83.5795
-83.5795
18.5876
-150.641
-27.043
-52.5728
-20.161
-51.2753
-83.5795
133.217
-22.5246
-25.7754
-52.5728
35.7422
19.2215
-36.0833
-81.1526
-52.5728
-52.5728
-65.1538
-131.105
-24.4038
-52.5728
-25.7754
-52.5728
7.17594
-7.33882
61.62
-131.105
-5.81152
-20.161
-36.0833
17.9264
-65.1538
-52.5728
-6.74469
-75.4958
133.217
-83.6481
-6.55774
-71.6369
24.7546
45.3338
-52.5728
21.7648
12.8968
-0.350038
-24.4038
-24.4038
-25.7754
-24.4038
-25.7754
-3.06961
-131.105
-164.179
51.3898
3.88386
-83.5795
-25.7754
14.5803
22.1742
9.08195
-159.387
61.62
-131.105
-71.6369
-4.27858
21.7648
-71.6369
-27.3177
-131.105
22.1742
27.8058
61.62
-150.641
-75.4958
-31.4766
-24.4038
24.7546
-17.4983
-35.1905
-36.6066
-35.1905
-65.1538
-19.4911
5.71379
-7.97729
24.6899
-83.5795
-52.5728
61.62
-17.4647
15.1993
-131.105
-52.5728
61.62
-131.105
-51.2753
-159.387
-52.5728
4.10328
-159.387
-52.5728
15.5081
-83.5795
-52.5728
-52.5728
-12.0287
39.9699
-65.1538
17.9264
-52.5728
59.2943
-27.043
170.064
-24.4038
-35.1905
7.17594
23.3408
22.1742
-58.7583
-83.5795
133.217
-12.8155
-19.3029
-27.3177
-35.1905
-27.289
154.868
-4.37033
133.217
-27.043
-8.02744
45.3338
18.8521
-36.6066
-79.8245
23.3408
8.42096
-164.179
-12.8155
-0.545998
-65.1538
-24.4038
-52.5728
-52.5728
-24.4038
-12.0564
-35.1905
-9.48166
-52.5728
3.26794
-52.5728
-51.2753
27.8058
15.5081
-12.0287
-35.1905
-25.7754
-52.5728
-169.227
-35.1905
-8.37957
-4.27858
-52.5728
-83.5795
-3.06961
-52.5728
-12.0287
3.26794
-0.350038
-71.6369
51.3898
21.7648
-150.641
-36.6066
-51.2753
-3.20802
24.6899
-12.0287
-24.4038
-24.4038
15.5081
-4.27858
-16.8654
-52.5728
-9.98114
45.3338
-24.4038
-131.105
-35.1905
133.217
-52.5728
-36.0833
-65.1538
-27.043
23.037
-83.5795
-3.06961
28.4475
-31.4766
-52.5728
-36.6066
15.3533
28.9503
-36.0833
15.3323
18.5876
-9.98114
61.62
-14.9972
45.3338
3.26794
-35.1905
18.8521
-27.043
10.4049
35.7422
-35.1905
-12.0287
-31.4766
-24.4038
3.26794
-65.1538
-52.5728
-3.06961
-16.2353
-27.043
-2.36522
15.5081
-83.5795
-52.5728
-131.105
61.62
-25.7754
-35.1905
11.0988
13.727
-83.5795
-6.55774
-20.161
-36.0833
-35.1905
-52.5728
-4.27858
-3.06961
-52.5728
-71.6369
133.217
-27.043
-21.394
133.217
-83.5795
-58.7583
-25.7754
161.968
-16.9402
-4.37033
-36.0833
39.9699
17.1655
-24.4038
39.9699
-159.387
-24.4038
61.62
-52.5728
-150.641
13.1131
-25.5524
-3.20802
17.7545
45.3338
-19.3029
-83.5795
-131.105
14.8292
-52.5728
-11.854
-4.37033
-52.5728
-83.5795
-83.5795
-24.4038
7.17594
-3.06961
24.7546
-27.043
-27.043
-52.5728
-35.1905
-12.0458
31.8122
-24.4038
-52.5728
-65.1538
-83.5795
-51.2753
23.037
-131.105
-131.105
-27.3177
21.7648
-24.4038
-21.0243
-13.7037
-35.1905
-71.6369
-35.1905
35.7422
28.4475
45.3338
51.3898
-52.5728
-52.5728
64.5914
-4.37033
-52.5728
28.4475
23.3408
-24.4038
-20.161
15.2524
10.4049
-8.02744
-35.1905
-25.7754
-7.94113
17.1655
-17.4983
-131.105
7.17594
-75.4958
-14.701
-58.7583
59.2943
133.217
-35.1905
154.868
-79.8245
-17.5847
-20.161
1.30236
-83.5795
-36.6066
21.7648
-52.5728
-83.5795
-14.0003
-83.5795
-58.7583
-27.043
-52.5728
-27.043
-83.5795
17.1655
-7.76178
-5.73711
-58.7583
-52.5728
-25.7001
-25.7001
21.7648
12.8665
51.3898
-7.76178
133.217
-58.7583
-1.50476
-52.5728
-16.2353
-164.179
61.62
-9.48166
-65.1538
-58.7583
-14.9972
5.02954
161.968
45.3338
-25.7754
12.8665
-159.387
-24.4038
-25.7754
-25.7754
61.62
23.3408
-131.105
-27.043
-65.1538
-51.2753
-37.5145
-25.7001
-20.161
-51.2753
-83.5795
-4.37033
-159.387
39.9699
-52.5728
-52.5728
-52.5728
-52.5728
3.97187
-6.74469
-12.0564
24.7546
35.7422
-52.5728
-27.043
-2.36522
-83.5795
-4.37033
-75.4958
-36.0833
-65.1538
-24.4038
-52.5728
-25.7001
-83.5795
5.02954
-24.4038
-52.5728
7.40374
45.3338
18.2131
-8.37957
-27.289
-58.7583
-4.37033
-35.1905
51.3898
-159.387
19.3243
-52.5728
34.6622
5.02954
-51.2753
61.62
-13.9385
23.037
-37.5145
168.328
-12.8155
61.62
-3.06961
-27.289
34.6622
-51.2753
-36.0833
161.968
21.7648
45.3338
-52.5728
-65.1538
-52.5728
-52.5728
-35.1905
6.22574
18.0563
154.868
-25.6152
-58.7583
-25.7754
-65.1538
-4.35411
-35.1905
-52.5728
161.968
-83.5795
-52.5728
-131.105
-52.5728
-58.7583
-8.37957
17.9264
-52.5728
-167.178
-65.1538
-24.4038
-83.5795
21.7648
1.30236
-51.2753
5.02954
28.9503
-3.06961
-58.7583
-31.4766
-52.5728
-25.7754
-83.5795
34.6622
-8.02744
133.217
-58.7583
-150.641
45.3338
-52.5728
31.8122
-20.7528
-52.5728
-9.98114
-159.387
-24.4038
-36.0833
17.1655
-7.76178
-52.5728
-20.7528
-36.0833
-24.4038
15.5081
-51.2753
-35.1905
61.62
15.3323
7.17594
19.2215
-150.641
7.08619
-17.4983
-83.5795
-17.4647
-52.5728
-4.31868
61.62
-71.6369
18.2131
45.3338
-52.5728
-159.387
-27.043
15.3323
-83.5795
45.3338
-131.105
-25.7754
-159.387
-52.5728
45.3338
-52.5728
-5.81152
-12.0458
-52.5728
-24.4038
-27.043
-52.5728
-35.1905
-35.1905
-52.5728
-36.0833
-52.5728
-24.4038
-27.3177
-52.5728
-52.5728
-52.5728
-52.5728
59.2943
154.868
-16.9402
-52.5728
-35.1905
-83.5795
-10.9935
51.3898
-52.5728
-17.4647
-9.08357
21.1687
7.40374
-35.1905
-52.5728
-52.5728
17.1655
-35.1905
-27.043
51.3898
-27.043
-35.1905
23.3408
-75.4958
59.2943
-52.5728
-13.7037
-24.4038
-35.1905
45.3338
-58.7583
-52.5728
-35.1905
-58.7583
-131.105
-12.0564
-58.7583
-52.5728
-65.1538
-35.1905
17.1655
-25.7001
-52.5728
-65.1538
-131.105
-4.37033
-150.641
23.3408
31.8122
-52.5728
-131.105
-8.02744
-131.105
-65.1538
13.1131
-52.5728
-25.7754
59.2943
