-8.38634
12.5894
13.5229
11.9927
-0.102156
3.10158
5.36888
13.5229
-6.8103
11.327
3.6882
3.68981
6.26023
8.45684
6.45787
1.40991
-6.8103
2.27636
4.26254
15.3079
-2.02429
-4.03861
15.3079
-6.8103
8.45684
4.26254
9.81141
-0.268943
15.3079
12.8676
12.8676
3.68981
3.68981
2.27636
4.26254
-9.05183
-5.68789
-5.68789
15.3079
-13.5546
12.5894
-7.36871
7.9241
12.3355
-0.792121
15.3079
-0.919561
15.3079
15.3079
6.70839
15.3079
13.5229
13.985
6.07748
13.5229
12.5894
-2.70064
4.26254
6.07748
12.5894
8.59571
6.26023
12.0982
-1.96554
2.27636
15.3079
15.3079
-4.7688
12.8676
-1.53429
13.985
1.44693
15.3079
-9.65639
12.5894
9.04186
1.1139
-1.96554
2.27636
4.2998
-1.96554
-3.75907
13.5229
6.45787
0.0434716
-7.16675
-3.75907
5.36888
6.69887
-9.38522
-13.6456
15.3079
5.66883
4.26254
-1.96554
13.5229
2.59888
11.0354
-0.102156
-5.31841
8.92422
15.3079
-0.102156
10.108
13.5229
15.3079
12.8676
-8.13139
15.3079
15.3079
-13.6456
12.0982
-5.31841
-6.8103
3.10158
13.985
10.716
12.5894
12.5894
5.36888
-7.90451
1.68187
15.3079
2.27636
4.26254
4.26254
-9.65639
6.09041
-1.96554
3.10158
4.26254
15.3079
-6.8103
15.3079
9.18014
-10.5485
-0.268943
12.3355
-9.65659
-0.102156
13.985
1.80587
13.5229
-1.96554
1.06487
-2.02429
-6.8103
10.108
-14.1836
8.59571
-5.02695
10.716
3.10158
13.5229
3.9797
-7.36871
-0.102156
13.985
-5.68789
-6.71692
12.8676
6.69887
15.3079
4.68465
-13.6456
3.65868
3.10158
6.04038
2.27636
6.07748
-8.85801
9.15954
-1.96554
-9.05183
15.3079
-8.38634
8.94344
4.26254
13.985
-12.6492
15.3079
10.716
13.5229
-12.6492
13.985
-12.1079
10.7051
13.5229
15.3079
-6.8103
-7.14898
-0.102156
10.716
10.716
-0.268943
-8.69843
13.985
4.26254
6.26023
13.5229
2.27636
10.716
-9.65659
7.54351
12.5894
-7.14898
2.27636
-5.96169
8.45684
15.3079
2.27636
-5.05
4.26254
15.3079
2.27636
15.3079
4.26254
9.18014
15.3079
-10.5185
-6.8103
15.3079
2.39178
-0.712833
7.85377
2.27636
12.3355
2.27636
15.3079
4.22508
4.26254
2.50381
15.3079
12.3355
4.26254
12.3355
10.716
-1.96554
-3.75907
-5.68789
6.70839
-6.8103
-3.75907
-5.68789
12.5894
13.985
10.7051
12.3355
-14.1836
-9.65659
12.0982
4.26254
13.985
10.7051
12.0982
11.327
6.69827
4.26254
12.5894
2.27636
-4.36382
6.9297
2.27636
7.85377
5.73195
10.537
-13.5546
15.3079
-9.05183
5.36888
13.5229
15.3079
9.74262
5.36888
13.5229
4.26254
9.04186
13.985
-10.2672
4.26254
12.5894
15.3079
13.5229
-1.96554
-6.8103
-3.85178
-0.102156
4.26254
12.5894
0.484344
13.5229
13.5229
-6.8103
8.59571
15.3079
13.5229
7.85377
10.716
2.27636
0.565141
5.66883
13.5229
-0.712833
-9.05183
-7.79293
6.26023
13.5229
15.3079
-1.96554
1.98621
15.3079
-9.65639
-13.6456
6.9297
9.04186
12.5894
12.3355
13.5229
-13.6456
12.5894
3.6882
-6.8103
13.5229
-13.5546
6.32185
13.985
6.26023
15.3079
12.3355
-6.8103
2.59888
-4.27588
15.3079
-10.5485
5.53404
15.3079
-5.68789
-7.90451
3.98964
-7.98494
12.5894
2.27636
8.45684
-0.102156
0.484344
-13.5546
-7.79293
2.27636
6.26023
-9.65639
-9.65639
-2.81484
2.27636
12.5894
-1.89368
9.18014
2.27636
15.3079
6.1127
-6.8103
7.87446
15.3079
6.9297
6.26023
15.3079
3.10158
8.43973
15.3079
8.45684
13.5229
7.81393
-9.65639
8.30664
15.3079
11.9927
11.9927
13.985
6.9297
4.26254
2.59888
3.68981
-12.1251
-6.8103
10.716
6.26023
-4.36382
-6.8103
15.3079
15.3079
15.3079
13.5229
1.40991
15.3079
13.5229
9.04186
2.27636
-7.36871
8.59571
15.3079
-9.65639
10.5343
15.3079
-9.09222
8.45684
-1.96554
13.985
-3.07564
15.3079
5.89937
8.45684
10.537
15.3079
-5.02695
8.59571
-12.1079
-0.102156
-0.102156
-14.1836
6.26023
4.2998
-5.05
-2.69226
6.9297
13.985
12.5894
7.9241
3.10158
-5.68789
13.5229
12.5894
15.3079
15.3079
8.30664
2.27636
11.327
-5.68789
7.51648
2.27636
-3.07564
4.47261
10.7051
4.26254
-13.5546
15.3079
13.5229
-5.68789
12.8676
8.59571
6.26023
-11.0279
9.18014
12.5894
15.3079
9.04186
12.8676
2.59888
15.3079
4.26254
8.30664
12.3355
-1.96554
13.5229
4.26254
2.27636
15.3079
15.3079
9.04186
6.26023
15.3079
2.27636
4.9566
15.3079
9.04186
13.985
6.09041
-12.3203
3.98964
2.59888
-5.68789
3.68981
-6.8103
10.716
6.09041
9.04186
8.45684
15.3079
4.26254
5.43124
10.7051
15.3079
6.9297
3.65868
3.10158
13.5229
15.3079
-0.268943
7.9241
2.27636
6.9297
-5.77122
13.5229
10.716
6.07748
-6.8103
3.12462
15.3079
12.8676
15.3079
-2.70064
2.27636
13.985
-12.1251
13.985
2.34049
15.3079
-13.5546
-9.65639
-6.8103
15.3079
2.59888
2.27636
13.5229
10.537
13.5229
-10.9853
6.26023
-6.8103
3.10158
4.60021
-6.8103
3.68981
15.3079
4.26254
15.3079
-13.5546
7.7716
12.5894
12.5894
12.5894
9.74262
13.985
2.27636
-9.05183
-6.8103
12.0982
9.04186
-3.75907
-9.41721
-6.8103
4.26254
2.64445
4.26254
-9.41721
5.43124
-10.2672
-8.12128
-8.13139
4.26254
15.3079
-6.8103
6.09041
-9.65639
-4.36382
-8.12128
2.27636
15.3079
-10.9853
3.10158
-9.65639
3.0266
-5.05
13.5229
12.0982
6.9297
-1.96554
6.66373
-12.3203
12.3355
15.3079
13.5229
12.5894
-5.68789
15.3079
9.22996
4.26254
2.27636
15.3079
15.3079
15.3079
15.3079
-2.02429
-5.39135
2.27636
13.5229
15.3079
-6.8103
12.5894
12.0982
-12.3203
15.3079
-2.81484
7.85377
4.26254
13.5229
7.7716
5.36888
15.3079
13.5229
-8.08483
6.26023
2.27636
-1.96554
-7.14898
9.18014
6.94899
12.5894
7.9241
3.6882
15.3079
-8.13139
4.26254
15.3079
7.81393
10.108
15.3079
13.985
-3.68385
6.07748
9.16459
-14.1836
-11.0279
3.98964
-10.7149
15.3079
9.22996
13.5229
2.27636
-7.90451
-1.96554
12.5894
8.59571
13.5229
13.985
15.3079
12.5894
-6.8103
13.5229
-12.6492
-7.14898
7.81393
13.985
8.45684
-0.919561
13.985
12.8676
-10.2672
12.3355
2.27636
4.22168
12.5894
12.5894
4.26254
-6.8103
12.8676
15.3079
-1.96554
2.27636
-7.14898
13.5229
4.26254
8.45684
4.26254
15.3079
-6.22485
8.45684
2.27636
6.26023
8.30664
12.5894
-0.102156
12.8676
-5.68789
9.18014
15.3079
10.716
9.04186
13.985
12.8676
15.3079
4.26254
4.26254
-1.96554
4.26254
12.0982
-6.8103
-6.8103
15.3079
12.5894
15.3079
13.5229
9.81141
7.81393
7.9241
6.9297
-5.05
11.9927
-5.68789
11.0354
7.81393
12.3355
5.43124
13.985
5.36888
4.26254
3.6882
-9.41721
13.985
3.0266
-9.65639
13.5229
15.3079
15.3079
-0.268943
15.3079
15.3079
11.0354
13.5229
-0.102156
-6.8103
15.3079
-6.22485
4.26254
-9.05183
-8.38634
-5.68789
13.5229
10.5343
2.27636
12.3355
-9.65639
15.3079
-0.102156
13.985
10.7051
-11.8084
15.3079
13.985
10.716
-2.81484
-1.96554
11.9927
15.3079
-10.9853
-1.96554
12.5894
13.5229
15.3079
2.27636
8.45684
6.26023
-5.68789
15.3079
12.5894
8.45684
-14.1836
8.45684
-5.68789
13.985
6.26023
12.8676
13.5229
11.0354
-10.9853
-14.1836
12.3355
15.3079
-2.70064
2.27636
-6.8103
2.27636
2.27636
9.04186
4.26254
-10.9853
12.5894
-1.96554
-5.31841
13.5229
-13.5546
-5.68789
10.7051
-6.8103
15.3079
7.54351
8.92422
8.59571
-5.74392
3.68981
15.3079
10.7051
11.9927
10.537
12.5894
6.26023
15.3079
9.18014
-12.1079
6.26023
4.15134
4.26254
6.07748
4.26254
10.537
6.66373
-14.1836
-9.65639
12.5894
12.8676
3.10158
2.27636
10.5343
-4.36382
-6.8103
12.3355
-4.36382
12.5894
0.484344
-1.96554
12.5894
-0.102156
-5.68789
15.3079
6.26023
-0.832001
-6.8103
15.3079
2.34049
6.26023
11.9927
3.10158
15.3079
-0.832001
6.9297
15.3079
1.80587
2.27636
4.26254
3.66784
15.3079
15.3079
7.81393
10.537
9.18014
-3.75907
3.10158
15.3079
3.10158
6.9297
7.24549
4.26254
15.3079
-0.712833
12.3355
12.0982
13.985
15.3079
0.301656
12.0982
13.5229
2.27636
13.5229
4.26254
-6.8103
-2.02429
-13.6456
-12.1079
11.9927
-7.14898
5.16911
6.07748
4.26254
3.90985
8.45684
10.716
8.45684
6.94899
5.46774
7.32285
6.1127
4.26254
1.66229
4.05407
11.0354
15.3079
13.5229
4.26254
15.3079
4.26254
8.59571
3.10158
-9.65639
12.8676
15.3079
10.537
-12.3203
11.327
13.985
3.01789
6.26023
13.985
-6.8103
-9.41721
12.5894
6.83508
2.39178
-3.75907
0.515871
11.9927
15.3079
15.3079
12.0982
-12.1251
12.8676
15.3079
2.59888
15.3079
-1.96554
-0.268943
12.5894
5.89937
12.5894
-8.38634
7.32285
10.716
8.45684
12.8676
-6.8103
13.5229
8.45684
4.26254
13.5229
15.3079
-8.13139
13.5229
-5.31841
13.5229
6.07748
2.27636
15.3079
-3.75907
-0.102156
15.3079
15.3079
-14.1836
12.0982
-2.70064
4.4371
2.27636
3.10158
-0.712833
-9.65639
-6.8103
-0.102156
15.3079
-4.36382
3.6882
15.3079
13.985
10.537
12.3355
5.36888
-6.8103
-9.65639
2.27636
12.5894
4.26254
1.06487
13.5229
13.5229
6.9297
15.3079
13.5229
13.985
-3.68385
2.27636
-14.1836
-2.64721
13.5229
-4.36382
9.81141
-9.65639
13.5229
6.26023
12.3355
13.5229
-8.77696
15.3079
10.716
7.32285
6.07748
8.92422
10.5343
-1.96554
-0.919561
15.3079
-1.96554
15.3079
3.10158
-3.68385
9.15954
4.47261
-0.102156
13.5229
2.27636
3.10158
6.26023
-13.6456
13.985
12.3355
12.5894
9.18014
11.0354
6.07748
2.27636
12.8676
-10.5485
10.7051
6.9297
15.3079
15.3079
-11.0279
10.108
6.26023
-6.8103
7.85377
2.27636
8.45684
10.7051
-13.5546
8.45684
15.3079
4.26254
-14.1836
6.69887
15.3079
2.27636
15.3079
9.04186
13.985
13.985
1.06994
9.16459
-6.22485
15.3079
-8.13139
5.73195
-7.90451
13.5229
15.3079
-5.44031
6.26023
1.40991
4.26254
-10.2672
6.26023
15.3079
15.3079
-0.268943
12.5894
-9.65659
6.26023
6.09041
15.3079
-6.8103
13.5229
13.985
9.04186
-1.96554
15.3079
4.26254
-10.9853
4.26254
8.45684
12.5894
15.3079
4.22168
12.3355
9.18014
2.27636
15.3079
2.27636
3.6882
4.26254
12.5894
-12.3203
12.8676
3.6882
15.3079
8.30664
11.9927
2.39178
9.04186
-9.65639
6.26023
-8.12128
11.9927
8.45684
15.3079
15.3079
10.7051
13.985
5.36888
15.3079
-9.84428
-1.96554
11.9927
6.26023
-0.739296
8.45684
13.5229
11.9927
-6.22485
7.54351
6.38553
8.45684
8.45684
13.5229
2.27636
12.5894
-4.36382
8.45684
6.26023
0.8918
-1.96554
15.3079
6.1127
-1.97993
5.40721
2.34049
15.3079
-8.85801
6.26023
-9.05183
15.3079
15.3079
3.65868
1.06487
-13.5546
0.301656
-6.8103
3.10158
-1.96554
13.5229
2.27636
13.5229
12.5894
-13.6456
2.34049
-8.13139
-6.2868
6.26023
-4.36382
6.83508
-3.75907
-5.68789
8.45684
-9.05183
-13.5546
8.59571
13.5229
15.3079
4.26254
10.108
-3.85178
-12.3203
8.45684
9.22996
-6.8103
6.9297
12.5894
-4.03861
12.5894
10.716
2.27636
9.22996
4.26254
12.5894
-1.96554
15.3079
8.45684
2.27636
-1.96554
4.26254
5.37101
4.26254
-9.65639
12.5894
15.3079
-6.8103
13.985
3.90985
2.39178
15.3079
7.85377
6.07748
-0.268943
15.3079
9.04186
9.16459
-13.5546
4.26254
12.8676
4.22508
-14.1836
-0.102156
2.27636
4.26254
15.3079
-0.102156
1.98621
9.04186
12.0982
11.327
6.04038
-1.96554
13.985
-9.05183
2.27636
4.26254
9.18014
-0.102156
15.3079
1.95441
-4.36382
-5.68789
15.3079
2.59888
15.3079
-11.0279
2.27636
10.5343
-6.8103
-4.36382
15.3079
15.3079
2.27636
-6.2868
-9.65659
11.9927
-0.102156
2.27636
8.92422
3.10158
4.26254
10.716
6.20382
2.27636
2.27636
10.537
10.716
15.3079
15.3079
-12.1079
-9.65639
5.70502
2.27636
12.5894
-0.832001
-6.8103
4.26254
15.3079
15.3079
12.5894
12.5894
11.9927
7.81393
7.54351
-5.31841
4.26254
15.3079
4.26254
9.04186
1.80587
0.301656
2.27636
15.3079
4.26254
-2.64721
6.07748
2.27636
-5.68789
-1.53429
4.90939
-6.8103
15.3079
-12.3203
1.06487
10.108
2.27636
11.327
13.985
-5.68789
6.26023
10.5343
3.98964
5.36888
6.9297
9.16459
-2.70064
-2.70064
-8.12128
7.9241
6.9297
-10.5185
-0.102156
15.3079
8.45684
-6.8103
8.45684
12.5894
-0.102156
15.3079
2.27636
-8.38634
12.5894
15.3079
-0.102156
2.27636
-4.36382
-1.582
7.54351
9.04186
5.36888
5.36888
2.27636
13.985
-6.8103
-0.102156
-14.1836
-0.712833
6.07748
12.5894
15.3079
12.0982
-3.75907
15.3079
8.47265
13.5229
15.3079
-5.68789
8.43973
0.515871
2.45707
4.2998
-0.712833
15.3079
12.5894
8.59571
-8.12128
13.5229
4.26254
3.0266
11.9927
2.27636
13.5229
12.3355
-1.96554
3.10158
13.5229
13.985
15.3079
15.3079
12.8676
2.27636
-4.36382
-13.5546
2.27636
8.59571
8.59571
7.85377
12.8676
12.3355
11.9927
13.985
15.3079
11.9927
6.26023
4.26254
15.3079
12.5894
-8.38634
15.3079
11.9927
-10.5485
7.85377
15.3079
-14.1836
0.484344
2.22792
15.3079
-5.68789
-4.03861
6.26023
-6.2521
13.5229
2.34049
7.85377
-5.68789
3.34328
5.36888
6.9297
2.27636
4.26254
6.26023
-2.02429
-5.68789
8.43973
-13.5546
-1.96554
-5.68789
-5.68789
8.47265
3.68981
15.3079
2.27636
-0.102156
-14.1836
-0.262857
6.9297
-12.3203
13.985
9.18014
15.3079
15.3079
11.9927
-9.05183
-4.36382
8.45684
13.5229
15.3079
9.18014
5.36888
15.3079
15.3079
15.3079
15.3079
13.5229
-5.05
-12.3203
7.9241
-7.90451
5.70502
-12.3203
12.8676
1.06487
7.85377
15.3079
2.27636
12.3355
-5.05
-12.3203
15.3079
12.5894
10.716
8.45684
4.78396
6.9297
-0.102156
9.04186
12.5894
9.18014
5.40721
8.45684
-6.8103
-2.81484
-5.68789
-1.96554
-6.8103
10.716
11.9927
0.301656
13.5229
15.3079
12.0982
15.3079
4.26254
6.38553
-11.8084
13.5229
13.985
8.59571
12.8676
8.45684
6.1127
-9.65639
1.40991
-6.8103
10.5343
13.5229
-4.36382
15.3079
15.3079
-5.05
-6.6198
-2.01266
15.3079
13.985
15.3079
8.59571
10.716
1.06487
4.26254
6.69887
8.45684
15.3079
9.74262
12.8676
15.3079
3.98964
10.716
-9.65639
15.3079
2.34049
2.27636
13.985
15.3079
7.36935
12.5894
-8.13139
-5.05
10.5343
4.26254
15.3079
15.3079
10.716
-12.6492
4.26254
2.27636
8.45684
0.484344
8.30664
-1.96554
-6.22485
12.8676
9.74262
12.5894
-5.05
-5.68789
13.985
7.85377
4.26254
-5.68789
10.716
4.4371
-9.65639
15.3079
2.59888
-5.31841
15.3079
12.3355
-9.65659
12.5894
-13.5546
12.5894
10.5343
15.3079
12.5894
6.26023
-0.102156
-14.1836
-2.01266
-11.0279
-5.02695
15.3079
-11.8084
6.26023
15.3079
6.04038
-2.70064
15.3079
13.985
12.5894
-4.36382
-14.1836
2.34049
3.10158
-6.8103
11.9927
15.3079
-0.102156
15.3079
10.716
10.716
-9.84428
6.09041
12.8676
-0.102156
-12.3203
-3.75907
-8.12128
10.716
12.5894
-1.96554
2.59888
10.7051
-1.96554
-10.7149
-3.68385
9.16459
12.5894
-4.36382
-5.68789
15.3079
15.3079
10.537
2.34049
13.5229
6.09041
-6.8103
-3.68385
13.5229
15.3079
-8.77696
2.39178
9.81141
-0.102156
-13.5546
-7.90451
-4.70618
3.98964
6.26023
15.3079
5.36888
15.3079
15.3079
-5.68789
9.04186
12.8676
13.5229
6.66373
15.3079
12.8676
13.985
-9.38522
10.5343
12.8676
10.716
4.26254
8.45684
15.3079
12.8676
8.59571
2.27636
3.6882
15.3079
6.38553
-9.09222
-0.268943
-1.96554
3.68981
-5.05
10.716
6.26023
15.3079
8.45684
10.716
3.10158
15.3079
15.3079
8.45684
9.04186
1.80587
2.59888
3.10158
12.5894
0.301656
15.3079
-0.268943
-5.74392
5.16911
5.36888
15.3079
1.29935
-5.68789
5.42512
-6.8103
-6.8103
15.3079
15.3079
15.3079
9.15954
2.59888
-11.0279
15.3079
6.07748
-12.6492
2.27636
-14.1836
6.26023
10.716
-3.07564
-10.9853
-5.68789
-8.40394
13.5229
-13.5546
15.3079
5.36888
-12.3203
15.3079
13.5229
6.04038
4.78396
-14.1836
15.3079
-8.13139
3.0266
8.45684
15.3079
2.27636
11.9927
4.26254
-9.65639
9.04186
12.5894
11.9927
-11.8084
2.27636
12.3355
-1.96554
-6.8103
6.26023
-5.68789
-3.75907
12.5894
-6.8103
-4.36382
-3.75907
1.06487
-10.2672
4.26254
13.985
9.04186
13.5229
8.59571
15.3079
8.94344
15.3079
7.54351
11.0354
6.04038
-3.75907
-0.268943
6.9297
13.5229
3.6882
3.10158
-4.03861
3.90985
4.26254
8.45684
-5.74392
15.3079
3.10158
6.66373
-13.5546
12.0982
11.9927
15.3079
11.9927
-12.3203
-10.9853
8.59571
9.22996
15.3079
4.2998
8.59571
15.3079
15.3079
6.07748
6.07748
2.27636
15.3079
10.7051
4.26254
10.108
7.54351
-0.712833
10.716
-9.65639
11.9927
-2.70064
-6.8103
12.5894
6.83508
15.3079
-10.2672
11.9927
9.22996
13.985
15.3079
6.26023
13.985
-11.8084
15.3079
-5.68789
-10.2672
-9.09222
11.327
-6.8103
1.98621
12.8676
-12.3203
3.98964
15.3079
-0.102156
-6.8103
1.80587
-9.05183
12.3355
10.716
15.3079
12.5894
12.3355
6.9297
8.45684
2.27636
5.16911
3.10158
11.9927
15.3079
8.30664
12.5894
9.16459
15.3079
-0.919561
15.3079
10.5343
6.07748
9.18014
12.5894
10.108
-2.70064
3.6882
6.09041
-6.8103
-12.1079
-5.05
15.3079
13.5229
-9.65659
-0.832001
3.90985
6.70839
15.3079
10.7051
2.27636
2.39178
10.537
6.26023
12.8676
-3.75907
13.5229
8.59571
6.26023
13.5229
2.27636
8.45684
10.716
4.26254
-9.65639
15.3079
13.5229
6.9297
8.92422
-14.1836
6.26023
6.26023
2.34049
-4.36382
12.3355
1.80587
12.5894
6.26023
15.3079
9.04186
11.9927
2.27636
-13.6456
-0.268943
13.5229
13.985
0.365016
4.26254
-12.3203
12.5894
4.26254
15.3079
6.70839
3.68981
3.68981
5.36888
6.66373
7.54351
9.04186
-1.96554
-8.12128
-12.1079
10.716
-6.8103
15.3079
13.5229
8.45684
-13.5546
-9.65639
-6.8103
13.985
1.06487
-5.68789
12.5894
-5.68789
15.3079
5.75854
-10.7149
2.27636
11.327
12.5894
4.26254
12.5894
13.5229
6.26023
-5.68789
6.26023
-8.13139
-2.01266
12.0982
15.3079
-8.13139
15.3079
7.32285
12.0982
11.9927
-6.8103
15.3079
-13.5546
2.27636
6.26023
15.3079
12.5894
-5.68789
6.26023
15.3079
8.43973
9.81141
-0.102156
-0.102156
9.15954
11.9927
5.16911
-9.65639
4.26254
12.0982
11.327
12.5894
2.34049
3.10158
-5.68789
12.5894
13.5229
7.51648
13.5229
-5.05
-9.05183
-8.38634
15.3079
15.3079
10.716
11.9927
7.81393
-5.05
15.3079
-5.68789
4.26254
5.89937
6.94899
-12.3203
8.45684
12.0982
8.45684
11.9927
9.04186
4.26254
15.3079
-2.01266
15.3079
15.3079
15.3079
3.10158
11.9927
15.3079
-13.5546
15.3079
10.716
-0.919561
15.3079
15.3079
8.59571
11.9927
2.27636
12.3355
15.3079
-5.9018
7.87446
-10.5185
2.27636
12.0982
12.0982
12.3355
8.45684
-0.919561
-6.8103
15.3079
3.68981
4.22508
6.26023
0.484344
1.76596
2.27636
13.5229
12.5894
4.26254
-5.68789
15.3079
-2.01266
12.0982
15.3079
-12.3203
8.45684
9.16459
-6.8103
13.5229
4.26254
15.3079
13.5229
5.62605
-5.05
12.5894
-4.36382
-10.5185
-13.6456
-0.832001
11.9927
4.26254
-5.31841
-6.8103
15.3079
-12.1251
15.3079
8.45684
15.3079
-2.81484
4.26254
12.8676
8.59571
8.59571
-5.05
11.327
9.81141
-1.96554
3.10158
12.5894
-12.1079
13.985
12.5894
6.26023
0.0360494
-0.268943
15.3079
3.10158
9.81141
15.3079
-6.8103
2.27636
2.27636
-1.96554
-6.8103
-6.70458
13.985
12.5894
12.3355
11.9927
6.16746
-7.98494
15.3079
3.6882
15.3079
15.3079
8.45684
15.3079
-9.65639
-8.13139
-0.372166
15.3079
-5.05
4.13275
10.716
-10.7149
13.5229
-9.05183
-13.5546
15.3079
-14.1836
15.3079
13.5229
10.5343
15.3079
-13.5546
4.26254
2.27636
11.0354
6.07748
8.43973
9.81141
12.8676
12.5894
13.985
12.3355
11.9927
11.9927
15.3079
3.10158
6.26023
-9.65639
12.5894
4.22168
9.81141
12.3355
-12.6492
6.26023
13.985
8.47265
2.27636
15.3079
15.3079
6.26023
15.3079
6.9297
12.5894
-1.96554
15.3079
13.5229
-6.8103
8.43973
15.3079
4.2998
3.68981
2.27636
15.3079
3.90985
15.3079
-12.3203
13.5229
15.3079
2.64445
2.27636
8.47265
12.5894
-9.65659
12.5894
10.7051
-2.02429
6.04038
8.45684
-8.13139
15.3079
12.0982
7.85377
9.18014
12.5894
0.565141
-1.53429
-11.8084
-8.40394
9.16459
12.5894
-5.68789
2.59888
6.26023
15.3079
-0.102156
-9.05183
9.04186
13.5229
2.27636
-6.8103
-12.1079
13.5229
13.5229
15.3079
4.26254
15.3079
5.36888
6.1127
15.3079
11.9927
-12.3203
6.26023
5.43124
9.15954
15.3079
-9.05183
-5.23783
15.3079
3.10158
-12.1079
-9.05183
3.10158
12.8676
15.3079
6.09041
5.58983
3.10158
13.985
6.26023
7.54351
-9.65639
15.3079
13.985
10.716
2.27636
2.27636
10.716
-8.38634
-6.8103
1.06994
15.3079
8.45684
8.92422
-5.68789
8.59571
15.3079
13.985
10.108
-9.65639
12.3355
-8.40394
-1.96554
2.27636
1.98621
12.0982
-1.96554
-8.13139
2.27636
13.5229
-13.5546
-6.8103
7.81393
15.3079
11.9927
9.16459
1.06487
13.5229
13.5229
7.7716
-0.268943
12.5894
-1.96554
3.68981
2.27636
2.27636
-6.8103
8.92422
12.5894
-2.90479
9.81141
-7.90451
10.716
15.3079
4.26254
11.327
15.3079
12.8676
15.3079
-3.75907
15.3079
5.16911
5.36888
-6.8103
4.22508
9.81141
2.34049
12.5894
-0.832001
12.0982
4.26254
7.9241
8.92422
15.3079
5.36888
-10.9853
15.3079
11.327
10.537
13.5229
10.716
9.18014
2.27636
12.8676
13.985
15.3079
2.27636
2.34049
2.59888
8.45684
12.5894
2.27636
13.985
-1.582
3.10158
-9.84428
9.18014
7.87446
13.5229
12.3355
4.26254
-6.8103
9.74262
6.26023
-13.6456
0.301656
15.3079
2.27636
12.0982
3.10158
4.26254
15.3079
15.3079
12.8676
13.5229
12.8676
11.9927
8.59571
-9.65639
6.07748
15.3079
15.3079
-5.68789
12.0982
4.9566
11.9927
12.5894
12.5894
-6.8103
15.3079
0.301656
10.537
2.27636
15.3079
4.26254
-4.36382
13.5229
-0.792121
6.26023
-9.65639
9.74262
10.716
-6.8103
-1.96554
12.3355
12.8676
2.27636
15.3079
-0.792121
12.5894
-0.102156
3.0266
-0.102156
-14.1836
9.18014
5.36888
10.108
15.3079
11.9927
12.5894
-2.96003
6.26023
7.85377
-14.1836
-5.68789
8.92422
-12.6492
12.8676
5.89937
4.26254
2.27636
2.27636
15.3079
15.3079
11.9927
15.3079
6.9297
-0.102156
8.43973
15.3079
4.26254
-3.75907
15.3079
-14.1836
-14.1836
10.5343
6.26023
6.04038
6.26023
10.108
10.537
6.04038
15.3079
15.3079
2.27636
-5.05
-10.9853
-4.7688
-10.2672
12.5894
13.985
9.22996
2.27636
6.66373
-8.12128
-0.102156
-6.8103
13.5229
0.882526
12.5894
6.94899
2.27636
-11.0279
10.537
-12.1251
-13.6456
13.5229
4.13275
-2.01266
15.3079
6.26023
9.04186
10.716
6.26023
13.5229
5.36888
5.36888
2.27636
15.3079
15.3079
-6.8103
-8.40394
2.90574
4.26254
3.10158
3.68981
-7.98494
6.9297
12.5894
-0.102156
13.985
6.26023
-2.70064
15.3079
2.22792
12.5894
12.3355
3.10158
-5.68789
-0.268943
-10.7149
13.5229
7.54351
-9.05183
-9.65639
11.9927
6.07748
11.9927
15.3079
-4.36382
2.27636
13.5229
2.27636
15.3079
2.27636
2.27636
6.07748
15.3079
13.5229
12.5894
-4.03755
12.3355
12.3355
15.3079
11.9927
2.27636
-1.96554
4.26254
2.27636
6.26023
7.36935
12.5894
15.3079
15.3079
15.3079
13.985
12.8676
15.3079
15.3079
-0.102156
10.716
3.10158
7.9241
-0.102156
-2.01266
7.54351
-5.68789
9.04186
6.26023
6.22793
10.716
12.3355
2.27636
3.10158
7.85377
8.45684
9.04186
12.5894
8.45684
15.3079
-13.6456
8.45684
15.3079
8.43973
6.83508
-7.14898
12.5894
11.327
15.3079
6.83508
-14.1836
13.5229
-14.1836
15.3079
15.3079
10.716
8.45684
2.59888
-0.712833
15.3079
-9.65639
13.5229
4.26254
-3.68385
13.985
13.985
6.9297
9.22996
13.5229
-5.05
2.27636
13.5229
-5.68789
5.21811
15.3079
12.5894
-6.2521
2.27636
15.3079
5.66883
-5.61545
15.3079
6.07748
6.66373
-0.712833
13.5229
-5.86204
-0.102156
9.15954
9.81141
13.5229
2.27636
13.5229
4.2998
3.21456
8.45684
0.484344
15.3079
5.37101
2.27636
-1.96554
-5.68789
-6.8103
6.26023
-3.07564
-8.13139
4.26254
2.59888
-5.68789
8.45684
15.3079
5.36888
9.04186
9.22996
-1.96554
13.5229
15.3079
-9.05183
4.26254
-6.8103
15.3079
9.18014
-1.96554
12.5894
13.985
-0.102156
8.45684
2.27636
11.327
2.34049
-3.75907
9.16459
6.26023
-10.2672
6.26023
6.69781
12.8676
13.985
2.45707
12.3355
7.85377
-6.8103
13.985
4.89322
4.26254
6.07748
9.04186
-5.74325
13.5229
2.27636
13.5229
-8.38634
15.3079
15.3079
13.5229
-6.8103
13.5229
15.3079
6.69827
-9.38522
-0.712833
6.26023
-0.712833
-7.16675
2.27636
-9.65639
6.26023
13.5229
10.7051
15.3079
-9.38522
-4.36382
15.3079
-9.65639
7.87446
-0.792121
2.27636
15.3079
2.27636
-5.68789
15.3079
1.98621
3.98964
12.3355
15.3079
8.92422
13.985
8.92422
10.716
12.3355
8.45684
15.3079
2.27636
-0.712833
-1.96554
-5.68789
12.8676
15.3079
9.04186
-10.9853
4.78396
-6.8103
5.70502
6.9297
9.22996
15.3079
11.0354
8.45684
6.94899
11.327
-9.09222
2.27636
12.3355
15.3079
15.3079
9.81141
13.5229
13.5229
12.5894
-9.65639
-6.71692
15.3079
11.9927
6.9297
6.9297
12.3355
13.985
13.985
-14.1836
-2.01266
15.3079
15.3079
3.90985
-13.5546
7.81393
-7.14898
-8.38634
8.45684
2.34049
9.18014
12.8676
4.9566
6.80092
2.59888
-6.8103
10.108
-7.27431
12.5894
9.18014
2.27636
9.18014
-12.6492
-0.268943
15.3079
5.36888
-13.6456
2.27636
7.11301
5.36888
-2.81484
8.45684
-5.68789
-0.102156
-9.05183
-1.96554
4.78396
5.36888
7.81393
6.07748
4.59588
4.26254
-9.65639
-5.6151
2.27636
2.27636
15.3079
-0.102156
-1.96554
12.5894
11.0354
-7.14898
-7.90451
11.9927
13.985
6.9297
2.27636
-9.05183
15.3079
12.5894
2.27636
8.43973
4.26254
-0.102156
15.3079
-9.84428
0.565141
2.27636
15.3079
4.26254
10.716
3.10158
-4.36382
4.26254
6.9297
3.6882
-10.2672
3.10158
10.537
-0.268943
3.68981
-8.08483
10.5343
-12.3203
12.5894
13.985
9.16459
3.68981
-14.1836
6.1127
13.985
13.5229
11.9927
12.5894
12.0982
4.26254
-4.70618
-6.83959
7.24549
5.36888
6.70839
13.5229
4.19124
4.26254
7.85377
13.985
4.26254
12.5894
-8.38634
12.3355
-5.96169
-13.5546
-7.14898
-12.3203
3.0266
-12.1079
15.3079
7.85377
10.5343
9.16459
-4.36382
-9.38522
8.43973
12.8676
-8.40394
12.5894
4.26254
3.90985
15.3079
10.5343
-5.02695
-10.5185
11.327
-5.68789
15.3079
4.78396
4.26254
15.3079
8.45684
10.537
15.3079
2.27636
12.8676
-9.05183
-6.8103
6.26023
-2.70064
15.3079
3.90985
12.0982
8.45684
-12.1079
-1.96554
-6.8103
13.5229
-5.68789
8.94344
12.5894
8.45684
15.3079
11.9927
-11.0279
15.3079
12.5894
-5.74392
-10.7149
-4.92941
-9.05183
15.3079
8.45684
6.66373
-8.13139
5.89937
2.27636
13.5229
8.43973
-12.3203
11.327
6.26023
9.04186
15.3079
2.27636
-0.268943
15.3079
4.26254
-0.102156
13.985
6.07748
-6.8103
13.5229
12.5894
9.16459
6.69827
-13.5546
6.70839
-2.64721
11.9927
12.5894
-8.12128
10.7051
9.18014
10.716
-7.14898
13.985
2.27636
2.27636
15.3079
-5.68789
-9.09222
12.5894
6.26023
-1.96554
15.3079
-4.36382
13.985
-5.68789
-3.68385
6.66373
15.3079
-10.5485
-6.8103
2.27636
15.3079
13.5229
8.45684
6.26023
15.3079
7.9241
7.9241
-9.84428
-13.6456
6.22793
2.27636
-1.96554
12.3355
6.66373
8.45684
2.27636
8.94344
11.0354
-6.8103
6.9297
8.92422
15.3079
15.3079
6.9297
9.18014
-6.8103
-5.68789
-5.68789
4.26254
-6.8103
13.5229
11.9927
10.716
13.985
12.5894
9.04186
2.27636
6.26023
15.3079
1.80587
5.36888
15.3079
10.716
13.985
8.45684
-11.8084
-14.1836
-14.1836
2.39178
6.26023
-8.38634
15.3079
-8.69843
7.9241
15.3079
9.18014
-5.68789
12.3355
13.985
-0.919561
10.537
-14.1836
1.06487
6.9297
-5.68789
15.3079
-0.268943
13.5229
15.3079
13.5229
11.9927
6.20382
13.5229
8.45684
-0.102156
4.26254
10.716
10.7051
-2.02429
15.3079
12.5894
13.985
2.27636
2.59888
6.07748
12.5894
2.27636
-1.96554
3.65868
15.3079
-1.96554
-10.5485
6.26023
12.5894
9.74262
9.04186
-2.96003
-12.1079
5.36888
13.985
15.3079
9.18014
-5.02695
3.10158
-7.27431
15.3079
15.3079
5.36888
6.9297
11.9927
3.0266
12.0982
2.27636
-0.268943
1.06994
-7.90451
-8.38634
15.3079
12.5894
3.10158
15.3079
13.985
-5.68789
4.26254
15.3079
12.8676
5.42512
13.5229
6.9297
13.5229
15.3079
-3.82651
15.3079
10.537
12.3355
7.24549
5.43124
4.6532
2.27636
15.3079
-6.8103
-0.102156
9.22996
-5.61545
6.26023
15.3079
12.5894
0.0360494
-12.1079
15.3079
15.3079
-2.02429
10.716
6.9297
12.0982
4.68465
15.3079
4.90939
13.5229
4.93708
-5.31841
15.3079
-12.1079
12.5894
6.26023
15.3079
-1.96554
2.59888
15.3079
-6.8103
2.27636
-8.13139
5.36888
15.3079
5.36888
15.3079
-5.02695
15.3079
6.09041
2.27636
13.985
-12.3203
12.5894
2.59888
13.985
7.24549
8.45684
3.10158
15.3079
12.5894
-0.268943
-12.3203
13.5229
5.09025
-3.75907
2.59888
12.5894
7.36935
15.3079
12.5894
9.18014
5.58983
15.3079
15.3079
-13.5546
3.10158
12.5894
15.3079
15.3079
15.3079
9.22996
-3.68385
8.45684
15.3079
-0.712833
12.5894
2.34049
13.5229
7.9241
6.26023
15.3079
-5.32244
10.537
-1.582
5.43124
11.9927
11.0354
7.85377
12.5894
-13.5546
3.6882
6.26023
3.02503
-5.68789
13.5229
12.5894
-13.5546
15.3079
-7.90451
2.27636
2.27636
15.3079
13.5229
2.90574
12.0982
15.3079
-3.75907
12.0982
6.26023
6.9297
8.59571
15.3079
4.26254
0.301656
-1.96554
13.5229
15.3079
-10.9853
-0.102156
11.327
13.5229
-5.68789
8.92422
15.3079
6.9297
9.81141
-6.8103
-6.8103
-3.75907
11.9927
-13.6456
6.26023
-5.31841
7.54351
15.3079
13.5229
-6.8103
6.07748
-1.582
-4.66346
15.3079
4.26254
12.5894
15.3079
-9.65639
-6.8103
13.985
8.45684
13.5229
-14.1836
-6.8103
13.985
6.26023
-9.65639
-13.6456
4.26254
-14.1836
-1.96554
13.5229
-4.36382
4.26254
0.301656
12.3355
12.8676
-6.8103
2.27636
15.3079
2.27636
3.6882
12.5894
-5.68789
15.3079
6.07748
1.06487
13.5229
-2.70064
6.07748
-0.712833
15.3079
15.3079
-8.12128
-0.268943
15.3079
15.3079
15.3079
2.50381
13.985
13.5229
15.3079
13.5229
6.9297
9.81141
7.11301
2.27636
8.30664
15.3079
2.27636
15.3079
6.9297
15.3079
8.92422
-8.12128
6.66373
10.5343
2.59888
4.26254
-8.38634
15.3079
15.3079
6.9297
12.8676
15.3079
2.34049
10.5343
-5.68789
7.85377
3.10158
-8.13139
-12.6492
-5.05
15.3079
3.68981
-0.832001
-10.2672
15.3079
15.3079
-6.8103
2.27636
13.5229
1.06487
12.5894
3.10158
2.27636
-12.3203
12.5894
6.9297
-5.68789
0.515871
-13.5546
-0.712833
-7.26212
3.10158
-3.05852
3.68981
8.92422
13.5229
3.10158
2.27636
-6.3974
15.3079
-7.80788
6.07748
7.9241
15.3079
2.27636
15.3079
-6.8103
-1.582
6.69827
13.5229
7.54351
3.68981
4.26254
15.3079
-9.41721
13.5229
2.27636
-9.05183
4.26254
13.5229
-1.96554
12.5894
4.26254
10.537
-6.8103
-8.13139
-11.0279
11.9927
8.45684
12.3355
2.27636
6.9297
11.9927
13.5229
4.13275
13.5229
-6.8103
-5.05
4.26254
7.87446
8.94344
4.26254
-7.90451
8.45684
8.43973
15.3079
15.3079
-12.1079
-9.65639
13.5229
-9.65659
9.04186
2.27636
-8.12128
12.5894
13.5229
4.26254
-5.05
15.3079
-5.68789
-5.05
-12.3203
10.7051
15.3079
-14.1836
15.3079
15.3079
6.09041
13.5229
-5.68789
4.26254
6.09041
12.5894
-0.102156
10.5343
-12.3203
13.5229
-9.65639
4.26254
4.22508
4.26254
-6.8103
-13.5546
11.9927
9.81141
6.66373
10.716
-1.96554
11.327
7.24549
-6.8103
-1.89969
-13.5546
15.3079
-3.07564
8.59571
13.985
4.26254
1.95441
15.3079
-1.96554
-0.712833
2.33049
15.3079
6.26023
-0.102156
-5.68789
-1.96554
-5.68789
12.8676
-9.41721
15.3079
11.327
2.27636
12.5894
8.45684
-1.48624
12.0982
-10.5485
15.3079
13.985
4.22508
15.3079
15.3079
9.18014
-4.7688
-8.12128
2.27636
-13.5546
7.36935
15.3079
12.5894
9.15954
15.3079
3.10158
15.3079
-8.13139
-5.68789
12.5894
-13.5546
3.98964
15.3079
10.7051
15.3079
15.3079
0.301656
-0.712833
11.9927
2.27636
-5.74392
-5.68789
6.9297
10.537
15.3079
12.5894
6.26023
6.26023
4.26254
12.8676
10.108
6.26023
15.3079
9.74262
9.22996
15.3079
4.26254
12.5894
10.716
3.68981
13.5229
-5.31841
15.3079
6.26023
4.26254
15.3079
13.5229
4.26254
12.0982
13.985
6.26023
-5.68789
11.9927
9.16459
13.5229
15.3079
-2.70064
-6.8103
-8.38634
-5.31841
15.3079
8.94344
10.716
13.5229
5.35284
-10.9853
15.3079
13.985
2.34049
-6.8103
15.3079
9.18014
11.9927
-9.65639
4.26254
15.3079
-5.68789
-0.268943
9.18014
-13.5546
-0.832001
-0.102156
6.9297
-8.13139
-0.268943
2.34049
8.45684
10.7051
-11.8084
13.5229
2.27636
12.5894
8.45684
13.985
4.26254
1.80587
-10.5485
4.26254
-4.70618
7.81393
15.3079
4.26254
10.716
-5.68789
8.45684
6.26023
2.34049
-13.5546
-2.70064
-10.9853
8.45684
15.3079
6.9297
4.26254
2.64445
-13.5546
15.3079
-1.99631
7.85377
15.3079
3.10158
2.27636
6.66373
5.16911
15.3079
-5.02695
13.5229
15.3079
12.3355
12.5894
-1.17804
-0.268943
-8.38634
8.45684
-13.5546
10.716
6.26023
8.59571
15.3079
12.3355
15.3079
15.3079
-5.68789
15.3079
-1.96554
15.3079
2.27636
6.22793
15.3079
-0.268943
2.71284
15.3079
8.45684
15.3079
6.26023
4.26254
11.327
6.26023
-0.832001
8.45684
10.537
-0.268943
-5.05
-0.102156
-1.96554
12.5894
12.5894
13.5229
-6.77574
12.8676
2.39178
15.3079
9.22996
5.75854
8.45684
4.26254
12.5894
-1.96554
-7.14898
4.26254
-5.68789
-2.64721
6.94899
10.716
-0.832001
-12.3203
9.04186
9.18014
6.9297
10.5343
4.26254
1.80587
-0.268943
6.70839
10.716
6.9297
7.81393
-5.02695
6.26023
2.27636
8.47265
9.22996
8.45684
7.85377
0.484344
-0.102156
15.3079
4.87714
15.3079
13.985
-3.75907
13.5229
9.18014
13.985
6.9297
-1.96554
12.5894
13.985
13.5229
4.26254
9.18014
15.3079
-4.36382
-7.80788
4.26254
9.16459
-2.02429
13.5229
6.26023
2.27636
2.59888
-1.96554
-6.8103
-12.1079
3.10158
-5.74392
6.26023
5.36888
12.5894
6.26023
8.45684
8.45684
15.3079
13.985
13.5229
-10.2672
6.9297
-7.16675
9.81141
3.10158
15.3079
10.108
-7.16675
2.27636
-2.01266
6.70839
11.9927
-5.68789
4.26254
-2.81484
10.5343
2.27636
15.3079
-5.39135
4.26254
11.9927
-0.712833
13.5229
3.10158
15.3079
2.27636
-6.8103
12.5894
2.27636
-10.7149
2.27636
8.59571
-7.80788
15.3079
-4.70618
15.3079
-0.102156
13.5229
2.27636
5.66883
15.3079
10.5343
15.3079
-1.96554
15.3079
-9.65639
12.5894
12.5894
4.26254
-13.5546
3.98964
-8.40394
-8.12128
15.3079
10.716
-8.13139
-6.8103
13.985
10.5343
8.45684
2.27636
15.3079
-6.8103
12.5894
9.74262
-6.8103
13.5229
2.27636
10.7051
15.3079
2.27636
6.9297
15.3079
15.3079
8.45684
2.27636
2.27636
4.26254
-4.89832
13.5229
15.3079
6.45787
13.5229
15.3079
9.18014
8.43973
15.3079
10.5343
4.26254
-2.02429
11.327
9.04186
4.26254
-0.919561
-0.268943
12.5894
15.3079
2.27636
6.66373
-0.372166
13.985
-9.65639
2.27636
3.10158
-13.5546
3.10158
4.78396
7.36935
-9.65639
4.26254
12.0982
-3.68385
12.8676
2.27636
10.108
6.66373
-8.69843
15.3079
-5.68789
2.45707
7.11301
-6.8103
-12.6492
-8.13139
10.108
11.9927
8.45684
9.04186
15.3079
13.985
12.5894
0.301656
12.5894
-6.8103
-3.75907
4.26254
11.327
12.0982
12.3355
15.3079
13.5229
15.3079
2.59888
5.36888
8.45684
2.27636
4.26254
15.3079
2.27636
6.07748
7.54351
-0.102156
7.32285
10.7051
8.43973
13.985
9.81141
15.3079
6.94899
-5.68789
4.26254
10.716
15.3079
3.68981
11.9927
8.59571
4.13275
10.716
15.3079
15.3079
-5.31841
-4.7688
6.04038
15.3079
4.26254
-11.0279
10.7051
6.26023
12.5894
-5.68789
15.3079
12.5894
15.3079
15.3079
7.87446
-1.96554
4.26254
15.3079
7.54351
15.3079
13.985
11.9927
15.3079
-10.2672
15.3079
12.5894
-5.74392
-2.81484
12.5894
8.45684
12.5894
1.61715
-8.12128
8.59571
-13.5546
8.45684
-5.02695
-0.102156
6.9297
15.3079
-12.1079
4.26254
-5.68789
-1.96554
13.985
-0.102156
7.36935
13.985
-6.8103
8.45684
15.3079
5.66883
4.26254
15.3079
6.83508
15.3079
12.0982
4.63059
4.26254
-3.68385
12.5894
12.5894
12.8676
2.27636
-12.3203
2.27636
10.537
-9.84428
4.26254
-8.13139
-12.3203
3.10158
7.51648
-8.13139
5.75854
6.26023
6.04038
12.5894
-9.05183
8.45684
-5.68789
5.35284
9.81141
13.985
-12.1251
12.8676
7.9241
15.3079
9.04186
-0.102156
-5.05
13.5229
8.11729
15.3079
-5.68789
6.9297
3.68981
3.10158
3.10158
4.26254
13.5229
-12.3203
6.16746
2.27636
10.5343
2.59888
12.5894
7.81393
-10.9853
5.36888
10.5343
11.327
-1.96554
-6.8103
13.5229
11.327
15.3079
-5.68789
11.9927
-1.96554
8.45684
15.3079
13.5229
-9.41721
13.5229
12.8676
3.10158
10.7051
-10.5185
3.68981
12.5894
8.45684
-4.36382
13.5229
-9.05183
4.26254
-4.36382
4.26254
10.716
-5.68789
9.04186
7.85377
9.04186
6.26023
8.45684
2.27636
-11.8084
3.10158
-6.22485
-5.68789
5.36888
-10.2672
9.04186
0.301656
6.26023
-5.31841
3.10158
-8.13139
-2.70064
-0.712833
2.27636
8.92422
-0.0957513
4.26254
13.5229
4.26254
-13.5546
8.45684
5.73195
-1.96554
-10.5485
3.10158
-5.68789
4.26254
15.3079
9.04186
10.716
3.10158
-1.582
15.3079
-1.96554
15.3079
15.3079
-12.1079
2.64445
8.45684
15.3079
10.716
2.27636
0.365016
12.8676
-10.2672
6.66373
9.81141
-8.13139
2.27636
6.94899
4.26254
8.43973
-10.5185
8.45684
-6.42765
12.0982
11.9927
6.26023
2.27636
-14.1836
-10.9853
3.10158
4.26254
-9.17652
-1.96554
12.5894
9.18014
6.26023
13.985
-9.84428
6.26023
0.882526
3.68981
1.40991
-1.96554
15.3079
13.5229
12.3355
-6.8103
12.3355
12.5894
11.327
15.3079
-6.8103
9.74262
-9.05183
-6.8103
8.45684
15.3079
7.32285
11.9927
-11.8084
-5.68789
15.3079
12.5894
15.3079
-6.8103
15.3079
15.3079
3.68981
-11.0279
12.5894
7.81393
-0.712833
5.66883
9.15954
4.26254
13.985
13.5229
4.26254
-5.68789
-5.05
15.3079
12.5894
-4.28807
13.5229
-6.83959
11.9927
15.3079
7.24549
-8.13139
12.5894
10.7051
-3.68385
10.108
10.108
6.94899
-11.8084
4.26254
-5.68789
-5.05
12.3355
9.04186
-3.07564
9.15954
4.13275
-8.12128
4.19124
2.27636
11.0354
12.5894
-12.1251
15.3079
6.70839
6.9297
2.27636
8.43973
-7.36871
9.22996
15.3079
-1.96554
4.26254
-0.102156
-4.70618
6.26023
11.9927
-6.8103
2.45707
-14.1836
8.45684
-6.8103
10.7051
12.3355
6.69827
6.26023
5.89937
-5.02695
11.0354
15.3079
15.3079
6.69781
-0.102156
-12.3203
15.3079
7.9241
13.5229
11.9927
13.5229
8.59571
5.36888
4.90939
10.716
3.10158
4.26254
4.26254
-5.68789
4.13868
12.5894
3.65868
-1.53429
9.04186
-6.8103
8.92422
2.27636
8.45684
5.66883
7.9241
4.26254
15.3079
6.69827
-9.05183
-1.96554
8.45684
-4.36382
12.5894
-6.8103
-12.3203
-1.582
-5.68789
9.81141
11.9927
-12.3203
-6.8103
-6.8103
15.3079
-5.68789
12.0982
1.98621
9.04186
13.5229
15.3079
15.3079
9.18014
-9.65639
4.6443
3.10158
-7.90451
15.3079
7.81393
3.6882
15.3079
12.5894
13.985
2.27636
2.27636
4.26254
15.3079
15.3079
12.5894
-6.8103
13.5229
15.3079
12.5894
12.0982
8.45684
7.9241
10.716
15.3079
13.5229
10.5343
11.0354
15.3079
8.92422
5.73195
-3.75907
4.26254
13.5229
15.3079
-12.3203
15.3079
15.3079
12.5894
13.985
12.3355
-9.41721
12.3355
-9.09222
6.22793
-7.14898
12.5894
8.59571
-6.8103
15.3079
2.27636
-9.05183
2.27636
12.5894
3.68981
13.985
-8.38634
-4.36382
6.26023
13.5229
12.8676
12.8676
10.537
15.3079
12.5894
15.3079
8.92422
7.9241
12.0982
9.18014
13.985
10.5343
4.22508
13.5229
2.27636
-5.02695
9.04186
13.5229
2.50381
15.3079
6.9297
8.45684
15.3079
13.5229
4.22508
9.18014
-1.96554
15.3079
10.716
15.3079
12.8676
-6.8103
10.716
2.27636
15.3079
-0.102156
7.11301
5.70502
6.70839
15.3079
8.92422
1.14975
4.26254
15.3079
-10.5185
4.26254
12.8676
5.36888
5.36888
13.985
-0.102156
-9.65639
15.3079
5.66883
-6.8103
8.45684
3.98964
3.0266
15.3079
-11.0279
13.5229
-3.75907
11.9927
10.5343
9.04186
-6.8103
12.5894
9.04186
10.5343
13.5229
2.59888
9.81141
-8.40394
12.0982
-8.13139
-12.3203
9.22996
8.45684
15.3079
4.26254
-3.07564
-10.9853
-8.12128
12.5894
2.27636
-10.2672
15.3079
-12.3203
13.985
2.27636
-8.38634
12.5894
13.5229
13.985
13.985
7.81393
-12.1251
-4.36382
8.45684
-9.05183
8.92422
9.04186
15.3079
13.5229
15.3079
-0.102156
12.3355
11.9927
15.3079
13.5229
-9.65639
4.10726
2.50381
9.15954
15.3079
12.8676
2.59888
6.26023
12.5894
8.45684
9.04186
-2.91617
-9.65659
6.26023
2.27636
8.45684
1.80587
-8.69843
-1.96554
2.27636
8.45684
-13.5546
-8.13139
4.26254
9.18014
6.07748
-0.102156
12.5894
12.8676
13.5229
-12.3203
2.27636
6.04038
15.3079
7.9241
15.3079
1.06487
6.07748
15.3079
2.27636
15.3079
-13.6456
-0.102156
15.3079
15.3079
11.327
15.3079
12.5894
-11.8084
3.10158
12.8676
-9.65639
10.716
12.3355
12.8676
6.04038
10.5343
6.09041
6.69781
-12.1079
4.2998
5.35284
-13.6456
6.26023
3.10158
-9.84428
12.5894
13.985
13.5229
2.27636
2.27636
-4.36382
15.3079
5.36888
13.985
2.27636
12.3355
11.327
-14.1836
-12.6492
10.108
9.81141
6.09041
-3.68385
12.5894
-9.65639
10.716
-2.70064
-13.5546
7.81393
13.5229
6.66373
7.85377
-0.712833
15.3079
15.3079
-5.05
0.565141
4.22508
-7.16675
9.04186
-7.36871
-1.96554
6.26023
-12.1079
12.0982
-2.02429
10.537
-5.68789
4.15134
2.27636
10.7051
-6.8103
15.3079
15.3079
9.18014
13.5229
-7.90451
2.27636
15.3079
6.26023
2.64445
6.26023
-1.96554
3.98964
-5.02695
-12.3203
2.27636
4.26254
9.04186
-13.5546
15.3079
-1.96554
15.3079
4.26254
11.0354
9.04186
2.27636
-6.8103
9.18014
15.3079
-2.02429
15.3079
15.3079
-0.102156
12.5894
7.9241
-0.792121
-14.1836
15.3079
12.5894
15.3079
15.3079
15.3079
13.5229
-1.582
3.9797
8.45684
10.537
13.5229
-3.75907
10.108
2.59888
7.7716
2.39178
13.985
-6.8103
11.327
12.3355
13.985
12.5894
15.3079
13.5229
6.26023
-13.5546
-8.13139
-11.0279
12.5894
13.5229
-1.96554
-3.75907
15.3079
10.716
-6.8103
6.66373
-0.268943
2.27636
11.9927
5.42512
6.70839
10.716
6.94899
-7.16675
11.9927
7.85377
2.27636
13.985
12.8676
15.3079
-1.17804
13.5229
13.985
12.0982
11.0354
13.5229
-2.70064
4.26254
2.27636
15.3079
-13.5546
6.04038
15.3079
10.5343
4.26254
6.9297
9.18014
2.27636
-13.6456
8.45684
6.66373
-0.832001
13.985
6.70839
8.45684
1.02503
11.9927
12.8676
7.54351
9.04186
3.10158
4.78396
15.3079
13.5229
4.26254
10.108
-6.9181
13.985
12.5894
2.59888
6.26023
4.22508
10.108
13.5229
15.3079
8.45684
12.5894
15.3079
15.3079
-5.61545
8.45684
6.26023
4.26254
15.3079
-8.12128
13.5229
12.0982
15.3079
-12.1079
8.45684
8.45684
4.26254
13.985
8.30664
9.22996
8.45684
9.04186
9.18014
-13.5546
2.27636
3.10158
15.3079
5.66883
11.327
6.04038
6.38553
8.45684
-7.16675
5.75854
13.5229
13.985
12.8676
4.22508
15.3079
-11.8084
9.18014
8.45684
15.3079
2.45707
10.7051
-13.5546
10.716
15.3079
-6.2521
15.3079
6.26023
6.07748
12.3355
5.36888
13.985
2.27636
10.5343
6.26023
2.27636
-5.68789
-9.65639
12.5894
4.26254
6.09041
9.22996
13.5229
2.27636
4.26254
-5.31841
10.537
2.27636
8.59571
12.3355
6.69827
6.9297
15.3079
12.3355
11.9927
-11.0279
-0.268943
13.5229
6.20382
0.301656
13.985
7.81393
-10.7149
8.45684
-5.05
6.66373
11.0354
6.69887
12.5894
7.24549
-8.12128
12.5894
13.5229
15.3079
6.26023
-9.17652
0.365016
-8.40394
-1.582
-0.102156
6.9297
6.09041
9.22996
-13.5546
6.07748
15.3079
-6.8103
2.27636
13.5229
15.3079
10.716
-6.8103
13.985
12.5894
8.45684
-9.17652
3.6882
12.3355
0.0360494
-5.68789
3.10158
1.06487
13.985
6.26023
12.8676
-6.8103
10.5343
6.09041
12.5894
-0.102156
8.11729
3.0266
15.3079
2.27636
3.0266
-8.12128
-13.6456
11.9927
-5.68789
-13.6456
-6.8103
7.9241
7.81393
-3.07564
13.5229
13.985
15.3079
6.26023
9.74262
-11.8084
-5.68789
-5.74392
-8.38634
9.18014
-6.8103
13.5229
12.5894
15.3079
13.985
15.3079
4.26254
15.3079
15.3079
-5.68789
15.3079
2.27636
-8.13139
-1.582
-6.37342
3.10158
15.3079
9.04186
7.36935
15.3079
-12.6492
-12.3203
15.3079
12.8676
-1.96554
-6.8103
-6.8103
10.7051
12.5894
0.882526
15.3079
6.26023
-12.6492
11.0354
9.18014
8.45684
-9.65639
-10.2672
6.9297
-12.1079
15.3079
12.5894
-0.792121
9.04186
9.16459
4.26254
6.32185
15.3079
-14.1836
-8.12128
6.83508
13.985
8.45684
-1.96554
4.26254
8.45684
2.27636
2.34049
2.59888
2.27636
12.5894
-4.70618
-12.1079
8.92422
12.5894
13.5229
12.3355
13.985
15.3079
1.06487
8.45684
12.5894
-11.8084
-5.31841
6.66373
5.73195
-2.01266
4.26254
12.0982
8.45684
6.04038
2.27636
-13.6456
13.5229
15.3079
5.36888
9.04186
12.8676
12.5894
-13.6456
8.45684
12.5894
11.327
15.3079
15.3079
-12.1079
-0.0957513
12.0982
6.80092
13.5229
15.3079
-9.65639
9.81141
15.3079
-12.3203
-5.68789
-3.75907
-0.268943
-1.96554
-5.68789
4.78396
4.68465
9.81141
3.10158
4.22508
-4.70618
-9.65639
-9.65639
2.34049
-2.02429
13.5229
-5.68789
15.3079
2.27636
5.35284
13.5229
15.3079
-10.9853
6.66373
0.484344
6.26023
-0.712833
-8.13139
5.66883
6.70839
-8.38634
0.515871
2.27636
-0.102156
12.5894
9.16459
-5.74392
13.985
-5.68789
4.26254
4.26254
8.45684
9.04186
2.27636
8.92422
-5.02695
6.04038
12.0982
13.5229
12.3355
4.26254
4.26254
-8.12128
15.3079
-5.05
-6.8103
15.3079
11.9927
-10.9853
9.04186
12.5894
15.3079
11.9927
15.3079
13.5229
8.45684
2.27636
-2.02429
8.59571
2.59888
-13.5546
-5.02695
9.74262
13.5229
13.5229
10.716
6.26023
12.5894
-8.12128
13.985
4.26254
11.9927
15.3079
10.716
-7.36871
9.04186
15.3079
-5.68789
13.5229
-4.27588
6.66373
-0.102156
6.26023
15.3079
13.5229
10.7051
6.69781
2.27636
13.5229
-6.22485
9.81141
12.5894
13.985
-1.96554
-10.5185
8.45684
-8.13139
11.0354
4.26254
2.27636
-5.68789
7.87446
3.6882
2.27636
3.10158
15.3079
-6.8103
3.97718
15.3079
13.5229
2.27636
10.7051
13.5229
6.26023
-2.70064
8.92422
10.7051
-5.61545
-2.01266
-5.68789
10.716
12.3355
-0.704126
6.26023
-10.2672
-1.96554
-6.8103
1.80587
15.3079
-9.65639
-3.75907
12.5894
-0.832001
15.3079
11.327
10.7051
4.26254
-8.38634
15.3079
3.68981
15.3079
-5.68789
9.18014
15.3079
10.537
3.10158
-1.96554
12.5894
15.3079
-12.1251
4.26254
7.32285
13.5229
2.27636
13.985
-5.68789
-5.31841
12.5894
12.0982
12.3355
-2.70064
15.3079
-3.68385
-14.1836
-8.13139
6.9297
-0.268943
2.27636
9.74262
12.5894
8.92422
13.985
15.3079
11.9927
13.985
13.5229
-6.8103
3.68981
3.10158
13.985
9.74262
-12.1251
-13.6456
11.0354
3.98964
6.9297
13.5229
8.47265
13.5229
1.40991
6.26023
-0.268943
15.3079
8.30664
6.9297
9.22996
6.26023
15.3079
-5.31841
13.5229
15.3079
-8.13139
-0.102156
13.5229
7.54351
2.34049
10.716
-0.712833
0.484344
-6.37342
13.5229
13.985
-0.372166
9.15954
2.27636
4.26254
4.6443
2.59888
2.59888
-9.84428
5.36888
15.3079
4.26254
-5.64293
-5.02695
-6.8103
6.26023
9.18014
4.26254
-12.1251
4.26254
8.45684
2.27636
-9.38522
12.5894
-10.5485
15.3079
10.716
10.537
-3.75907
4.26254
15.3079
0.484344
6.26023
12.5894
-9.65659
2.59888
13.985
-6.8103
-0.102156
8.45684
-1.89368
12.5894
10.716
9.74262
13.5229
15.3079
12.5894
8.45684
-4.66346
6.09041
9.04186
15.3079
13.5229
7.9241
8.92422
0.8918
6.32185
8.45684
8.45684
6.9297
2.59888
-2.70064
-6.22485
-8.38634
13.5229
15.3079
6.20382
-0.102156
15.3079
15.3079
-8.13139
9.81141
4.26254
12.3355
6.1127
-7.16675
-14.1836
2.27636
10.537
6.70839
12.8676
12.8676
15.3079
3.34328
2.27636
15.3079
5.36888
3.6882
-0.792121
3.10158
-10.5185
3.90985
12.5894
12.5894
-4.36382
13.985
-8.13139
15.3079
11.327
6.9297
6.9297
2.27636
11.0354
8.45684
-0.919561
3.10158
2.34049
-6.8103
11.9927
15.3079
-5.68789
-5.68789
-8.12128
10.716
-13.5546
15.3079
6.07748
15.3079
4.6532
6.26023
8.30664
5.36888
-1.96554
7.51648
15.3079
12.3355
15.3079
-0.832001
12.3355
6.66373
5.36888
6.26023
15.3079
8.43973
8.45684
9.16459
-9.05183
8.45684
-9.65639
13.5229
-7.98494
12.5894
0.301656
2.27636
2.27636
15.3079
-13.5546
15.3079
-12.1251
6.09041
15.3079
15.3079
13.5229
-0.712833
-4.36382
15.3079
4.26254
12.5894
2.27636
12.3355
2.34049
6.04038
-13.5546
2.27636
4.26254
-13.5546
6.9297
-0.102156
11.9927
15.3079
13.5229
-6.8103
15.3079
3.10158
-9.65639
12.5894
4.26254
-8.38634
-0.268943
15.3079
15.3079
15.3079
13.5229
-6.8103
13.985
8.45684
-4.36382
8.45684
10.716
13.5229
13.5229
-8.69843
8.45684
-13.5546
6.9297
2.27636
3.85305
-6.42765
-2.81484
15.3079
12.3355
-6.8103
12.0982
-6.8103
13.5229
-14.1836
3.10158
-14.1836
15.3079
12.0982
13.985
1.06487
13.985
-8.40394
6.09041
9.22996
11.327
9.04186
2.34049
15.3079
-1.96554
3.56282
-5.74392
9.18014
15.3079
5.58983
9.16459
15.3079
8.59571
11.327
4.26254
9.04186
6.26023
-10.9853
-6.8103
12.8676
5.36888
3.0266
-9.05183
2.27636
-0.268943
-5.68789
2.59888
9.16459
5.36888
10.716
12.5894
13.985
-11.0279
13.985
13.5229
9.81141
4.26254
7.24549
12.5894
11.9927
12.8676
-2.70064
10.7051
-13.5546
6.07748
13.5229
-2.70064
-9.65639
13.985
10.716
5.36888
13.5229
3.68981
15.3079
13.5229
10.7051
12.5894
12.5894
13.985
12.0982
9.74262
12.5894
2.34049
-6.8103
6.66373
6.26023
-3.75907
-6.8103
-6.8103
4.26254
12.5894
6.9297
-13.5546
15.3079
2.27636
15.3079
9.04186
-6.8103
2.27636
-8.40394
7.7716
6.9297
-13.5546
6.26023
12.5894
7.54351
7.9241
6.66373
8.45684
6.26023
12.5894
-9.65659
-13.5546
7.36935
-13.5546
15.3079
11.9927
12.8676
-9.65639
-9.65639
5.75854
11.9927
-9.05183
4.26254
13.985
-2.02429
15.3079
2.27636
8.45684
2.27636
15.3079
-9.17652
11.9927
8.92422
15.3079
6.09041
7.85377
15.3079
9.04186
4.26254
-12.6492
6.26023
15.3079
-5.68789
6.09041
10.716
2.27636
-1.96554
2.27636
15.3079
4.26254
6.26023
15.3079
12.5894
12.8676
6.66373
-0.712833
6.26023
-9.65639
-12.1079
-1.96554
13.5229
-13.6456
2.27636
2.59888
10.716
-0.102156
-1.96554
12.8676
10.5343
-13.5546
12.5894
3.10158
13.5229
2.27636
-8.13139
-0.268943
8.45684
-7.36871
-6.8103
-9.65639
11.327
2.27636
-6.83959
3.6882
4.26254
11.9927
-0.268943
7.81393
-5.68789
-9.17652
10.716
15.3079
6.26023
12.3355
6.26023
-12.3203
-0.712833
2.59888
2.27636
10.537
1.1139
10.537
7.85377
6.66373
13.985
6.07748
15.3079
15.3079
-0.919561
12.8676
-1.582
2.27636
-8.38634
8.92422
11.9927
13.5229
-1.96554
0.301656
10.716
6.09041
12.5894
12.5894
5.10577
-0.712833
12.5894
7.9241
13.985
15.3079
15.3079
8.45684
15.3079
15.3079
5.36888
15.3079
-0.102156
3.10158
-6.8103
3.98964
-13.5546
5.40721
2.27636
15.3079
-13.6456
13.5229
0.484344
12.5894
-6.8103
2.59888
11.327
10.716
-6.8103
15.3079
15.3079
-0.712833
13.985
15.3079
3.68981
-5.68789
-4.36382
15.3079
10.537
4.26254
3.10158
-7.14898
15.3079
-9.05183
-12.1251
4.26254
10.5343
15.3079
13.985
-8.13139
13.5229
-1.53429
2.27636
12.3355
12.5894
15.3079
-3.75907
2.27636
15.3079
13.985
7.81393
-9.65639
2.27636
6.09041
2.39178
2.27636
2.27636
8.45684
15.3079
8.45684
15.3079
8.45684
-2.70064
13.5229
10.5343
12.0982
15.3079
9.22996
6.09041
8.94344
6.26023
8.92422
12.3355
-11.0279
4.26254
-2.02429
-3.07564
-0.102156
13.5229
11.9927
2.39178
15.3079
-13.5546
9.74262
2.27636
-0.712833
4.26254
8.45684
-5.31841
12.5894
13.5229
9.74262
4.26254
5.89937
-6.8103
-1.96554
9.22996
6.26023
-5.68789
-12.3203
-1.96554
15.3079
4.26254
3.98964
-2.81484
-3.75907
12.3355
2.22792
-6.8103
-6.8103
8.30664
15.3079
13.985
15.3079
-0.919561
9.18014
7.9241
15.3079
-0.268943
13.5229
-0.102156
-9.65639
-14.1836
7.87446
2.59888
-6.8103
8.59571
15.3079
12.8676
15.3079
15.3079
15.3079
11.9927
12.5894
6.83508
-5.68789
-0.919561
12.5894
13.5229
4.26254
-6.8103
4.87714
-4.36382
13.5229
4.26254
8.45684
7.81393
12.5894
13.985
12.5894
6.9297
12.5894
12.3355
9.16459
-0.102156
12.5894
15.3079
8.45684
4.26254
-0.102156
12.5894
13.5229
-2.46271
8.45684
10.716
-1.53429
11.0354
15.3079
9.04186
6.83508
-12.3203
13.5229
-9.65639
-9.65639
4.26254
15.3079
-12.1251
-9.65639
-9.65639
15.3079
8.30664
2.50381
-9.65639
8.45684
-1.96554
6.26023
6.1127
-9.65639
-0.712833
8.30664
15.3079
5.40721
-10.2672
12.8676
12.3355
9.04186
15.3079
7.81393
2.59888
2.34049
4.26254
10.5343
-13.6456
-13.5546
10.716
2.27636
9.22996
12.5894
13.5229
11.327
15.3079
12.5894
-13.5546
12.5894
6.26023
4.19124
10.716
4.26254
10.716
-5.74392
4.26254
-1.96554
2.27636
6.07748
6.26023
10.5343
2.27636
3.10158
2.27636
11.327
13.985
8.92422
-12.6492
3.6882
13.5229
2.27636
15.3079
2.27636
4.26254
-13.5546
-13.6456
6.69887
13.5229
10.7051
2.27636
12.5894
12.5894
4.26254
4.93708
12.5894
15.3079
6.26023
2.27636
6.70839
-7.90451
6.26023
-6.77574
-4.36382
15.3079
-5.68789
2.39178
13.985
1.06994
10.716
6.26023
13.985
8.43973
7.85377
15.3079
-6.8103
15.3079
6.26023
15.3079
10.108
15.3079
-8.40394
8.59571
4.26254
12.5894
12.5894
9.18014
11.9927
15.3079
5.73195
-7.36871
-12.3203
12.0982
15.3079
15.3079
4.26254
10.716
4.26254
15.3079
6.26023
6.26023
13.985
3.10158
12.0982
-13.6456
12.8676
-5.68789
8.45684
4.26254
-6.8103
-2.02429
8.45684
12.5894
1.06487
6.07748
-8.13139
5.43124
15.3079
1.80587
-0.712833
12.0982
15.3079
3.05864
6.26023
-4.36382
3.10158
13.5229
12.8676
15.3079
13.5229
3.10158
12.5894
5.42512
13.5229
-9.65639
4.19124
8.45684
12.8676
13.5229
13.5229
6.26023
15.3079
8.59571
8.45684
6.26023
-5.68789
-5.61545
13.5229
2.27636
10.5343
-5.68789
2.27636
13.5229
4.26254
4.26254
12.8676
15.3079
3.10158
13.5229
8.45684
13.5229
-3.68385
10.537
-8.08483
-1.96554
2.27636
6.66373
7.87446
9.16459
13.5229
8.45684
5.36888
10.716
7.9241
-6.8103
15.3079
6.9297
4.63274
15.3079
4.26254
-4.36382
12.5894
12.3355
12.5894
-8.69843
9.04186
-1.96554
15.3079
4.26254
15.3079
10.716
10.716
15.3079
2.34049
-9.65639
3.66784
-12.3203
12.5894
-9.05183
8.94344
13.985
10.716
15.3079
10.716
12.5894
-9.17652
10.537
12.8676
-5.6151
6.66373
12.5894
10.716
6.80092
13.5229
-7.90451
6.26023
-9.65639
-4.36382
15.3079
-6.8103
-9.65639
10.5343
4.28021
7.87446
-13.5546
-5.39135
15.3079
5.89937
15.3079
-0.268943
-13.5546
6.9297
8.92422
13.985
-5.05
8.45684
-0.712833
15.3079
8.47265
13.5229
-7.14898
5.36888
13.5229
12.5894
12.3355
5.36888
15.3079
7.9241
-6.8103
-0.919561
-10.9853
-8.12128
3.10158
2.27636
7.85377
4.63274
5.36888
6.83508
11.9927
9.18014
8.92422
8.59571
13.985
15.3079
-2.81484
9.04186
-13.5546
-6.8103
-0.102156
15.3079
9.18014
-9.05183
10.5343
-6.8103
4.26254
-13.6456
4.13275
15.3079
8.45684
3.10158
4.6443
10.537
15.3079
8.92422
15.3079
-3.75907
10.716
9.18014
8.45684
12.5894
6.26023
15.3079
3.10158
5.43124
15.3079
7.81393
9.16459
-5.68789
9.16459
6.26023
-10.5485
-12.1251
2.27636
10.716
-7.90451
4.26254
15.3079
-12.3203
-0.102156
7.81393
12.5894
-6.8103
10.108
15.3079
-10.2672
-0.712833
3.10158
5.66883
9.04186
15.3079
-6.22485
15.3079
-13.5546
10.716
13.5229
-6.8103
1.06487
9.18014
15.3079
6.26023
-11.8084
7.54351
15.3079
6.26023
15.3079
3.10158
12.0982
-9.05183
-5.05
6.26023
-5.05
15.3079
-1.96554
10.108
-12.1251
4.26254
6.9297
12.5894
-6.8103
12.8676
3.10158
-6.8103
8.47265
-5.02695
8.11729
15.3079
-1.96554
0.0360494
9.18014
4.26254
-8.13139
-7.14898
4.22508
9.18014
9.74262
8.45684
-4.36382
4.47261
6.83508
2.27636
-10.2672
-4.36382
15.3079
13.5229
4.6443
9.81141
10.537
15.3079
12.5894
-0.609542
12.5894
2.27636
12.8676
8.45684
3.68981
8.45684
-3.75907
11.0354
8.92422
4.26254
4.26254
13.5229
-7.14898
-4.36382
1.06487
3.90985
15.3079
5.36097
13.5229
13.985
3.98964
6.26023
12.5894
-6.8103
-8.13139
10.716
15.3079
1.06487
-6.8103
-5.31841
13.5229
-10.5485
15.3079
4.26254
3.10158
3.10158
-1.96554
13.5229
12.5894
12.8676
13.5229
-1.96554
-12.3203
12.0982
-9.05183
3.68981
-12.6492
-4.36382
2.34049
6.26023
-7.90451
13.5229
12.3355
9.15954
-0.102156
2.59888
2.59888
9.81141
11.327
12.3355
-12.3203
2.59888
-0.268943
15.3079
-3.68385
15.3079
15.3079
15.3079
-2.87498
-0.712833
15.3079
15.3079
-3.75907
-6.8103
15.3079
2.27636
15.3079
-0.268943
-0.102156
2.27636
6.26023
2.27636
9.81141
-5.68789
12.5894
4.22508
-7.16675
8.59571
10.5343
2.64445
6.26023
-5.05
-2.70064
12.5894
-13.5546
-13.6456
-8.13139
10.537
11.9927
-0.268943
15.3079
-5.68789
11.327
6.9297
6.1127
12.3355
12.8676
15.3079
-6.8103
15.3079
4.26254
-13.5546
12.5894
10.716
-10.5185
2.59888
12.8676
12.5894
-1.96554
-9.05183
1.80587
-2.02429
3.10158
-1.96554
10.716
2.27636
7.85377
5.42512
13.985
-12.3203
13.5229
-5.02695
-8.38634
-0.102156
-5.05
4.26254
6.26023
-13.5546
13.985
8.45684
0.365016
2.27636
12.5894
-0.102156
12.5894
6.9297
-1.96554
15.3079
15.3079
-5.68789
-4.36382
15.3079
12.8676
12.5894
12.5894
15.3079
-5.74392
-13.5546
-1.96554
15.3079
12.5894
2.27636
10.716
12.3355
3.10158
-10.5485
9.81141
6.26023
4.26254
-13.6456
6.26023
13.985
2.59888
-0.102156
6.9297
-9.17652
-0.116505
2.27636
-5.68789
6.26023
12.5894
15.3079
8.45684
-0.102156
9.16459
10.716
15.3079
8.43973
8.59571
12.8676
5.16911
-0.268943
5.35284
-9.65639
15.3079
9.74262
-10.2672
6.26023
4.26254
12.8676
15.3079
15.3079
15.3079
12.5894
-5.68789
12.3355
10.716
6.26023
-1.96554
6.38553
2.27636
12.5894
15.3079
4.26254
-8.40394
5.36888
-1.96554
6.26023
13.985
4.26254
4.26254
-8.13139
-3.75907
6.26023
-3.75907
15.3079
15.3079
7.81393
15.3079
7.51648
13.5229
-5.74392
15.3079
10.537
9.04186
-6.8103
4.26254
0.301656
15.3079
6.20382
11.327
-9.05183
2.27636
12.5894
13.985
6.26023
15.3079
-1.96554
5.36888
8.59571
12.5894
12.5894
12.5894
-6.8103
11.9927
15.3079
12.5894
13.985
-5.31841
13.985
13.985
-9.65639
12.3355
2.34049
4.26254
-6.22485
-10.2672
8.59571
-9.41721
15.3079
6.66373
-8.13139
5.75854
-0.712833
15.3079
-8.69843
6.94899
10.537
12.5894
6.66373
12.8676
9.16459
-2.02429
6.26023
13.985
4.26254
9.16459
4.26254
13.5229
-8.38634
2.27636
-7.14898
6.26023
-9.65639
10.537
6.26023
-3.75907
3.10158
8.45684
15.3079
13.5229
15.3079
6.07748
-12.1079
-3.75907
2.27636
2.27636
-14.1836
-6.8103
9.18014
-1.96554
11.9927
2.27636
2.59888
7.85377
15.3079
9.16459
-12.1079
15.3079
12.5894
9.22996
15.3079
3.05864
15.3079
4.60021
13.5229
13.985
15.3079
-9.05183
-7.90451
2.27636
3.10158
-6.8103
15.3079
-0.102156
6.26023
10.716
3.10158
4.26254
-9.65639
-0.268943
-3.68385
-6.8103
4.90939
-13.5546
5.73195
15.3079
-4.36382
-7.27431
-9.05183
12.5894
4.26254
8.59571
9.15954
-7.14898
15.3079
6.66373
6.9297
-12.1079
13.5229
12.5894
-9.09222
2.59888
-5.68789
12.5894
12.5894
-0.704126
9.16459
15.3079
-0.102156
3.68981
9.18014
4.26254
2.27636
9.04186
15.3079
13.5229
4.26254
-9.05183
13.5229
-0.268943
13.985
-5.68789
10.716
13.5229
6.9297
2.27636
6.26023
7.85377
7.85377
-13.5546
15.3079
10.5343
2.27636
15.3079
15.3079
13.5229
10.716
2.27636
3.68981
15.3079
5.66883
2.27636
8.92422
6.26023
9.16459
1.98621
15.3079
13.5229
0.301656
11.327
12.5894
15.3079
-5.02695
-0.792121
15.3079
12.5894
-13.6456
6.26023
6.9297
13.5229
8.92422
-12.1079
-5.68789
8.45684
-13.5546
3.68981
11.9927
-6.8103
15.3079
11.9927
13.985
15.3079
6.9297
-4.36382
12.5894
0.281577
4.26254
6.07748
-12.3203
12.3355
8.30664
9.16459
12.5894
3.85305
12.0982
-0.102156
8.45684
2.27636
8.59571
2.27636
2.27636
-4.36382
15.3079
11.9927
-5.68789
3.68981
-4.70618
6.07748
-5.02695
15.3079
-8.13139
12.0982
-14.1836
-14.1836
12.0982
-14.1836
2.27636
2.27636
5.36888
-6.8103
2.59888
7.87446
13.5229
-12.3203
15.3079
-7.93342
9.16459
13.985
-3.07564
8.47265
11.9927
5.36888
13.5229
-3.75907
12.3355
-4.55248
-5.05
-6.8103
4.26254
-1.96554
6.26023
15.3079
2.27636
-1.96554
12.8676
-9.65659
-4.03755
6.32185
12.0982
15.3079
2.27636
-1.96554
9.74262
12.5894
-0.792121
1.95441
12.8676
15.3079
2.27636
15.3079
3.10158
2.27636
2.59888
2.27636
11.0354
2.27636
-5.68789
13.5229
2.34049
11.9927
8.45684
-8.13139
15.3079
15.3079
6.26023
4.90939
-5.39135
10.537
-7.98494
6.9297
2.27636
2.27636
2.27636
6.26023
-1.96554
-3.68385
12.0982
-0.102156
13.5229
13.985
11.327
-10.9853
6.9297
6.26023
-6.8103
13.5229
13.5229
10.716
-1.96554
9.16459
7.81393
6.94899
15.3079
-4.36382
13.985
13.5229
6.9297
9.04186
13.985
13.985
6.26023
6.07748
-4.36382
4.26254
12.5894
-9.65639
13.5229
2.27636
-13.5546
6.94899
-14.1836
-12.6492
13.5229
3.10158
13.5229
15.3079
-1.96554
13.985
3.6882
12.8676
9.16459
13.5229
2.27636
3.98964
4.26254
12.5894
3.01789
4.26254
9.18014
4.26254
-14.1836
13.985
15.3079
6.69781
6.26023
6.9297
-10.5185
0.484344
15.3079
12.0982
-5.68789
2.64445
4.26254
12.5894
-9.05183
-0.102156
-10.2672
12.5894
6.69887
12.3355
8.59571
1.98621
-0.268943
12.5894
-13.5546
4.93708
15.3079
4.22508
9.04186
5.66883
2.27636
6.09041
6.66373
15.3079
9.04186
9.18014
4.26254
-10.9853
11.327
2.27636
2.27636
-12.3203
6.04038
13.5229
12.5894
-5.68789
4.26254
8.45684
9.04186
5.66883
3.65868
-6.83959
9.81141
6.9297
13.5229
3.10158
6.26023
4.26254
2.27636
4.26254
12.8676
15.3079
13.5229
-6.8103
13.5229
12.8676
2.27636
13.985
15.3079
15.3079
13.985
11.9927
6.66373
12.5894
-1.96554
12.8676
13.985
2.27636
9.04186
-2.70064
-1.89969
-1.96554
12.5894
-8.12128
-13.5546
15.3079
-13.6456
12.5894
-9.65639
4.26254
3.10158
9.18014
-10.2672
5.42512
9.81141
12.3355
10.537
-0.712833
2.27636
4.26254
-6.8103
7.85377
7.81393
-6.22485
13.5229
7.85377
8.45684
13.985
2.27636
-12.1251
15.3079
13.5229
0.565141
15.3079
-12.1079
-12.3203
4.2998
-5.02695
13.985
-3.68385
-7.14898
12.5894
6.9297
-12.3203
-14.1836
15.3079
15.3079
15.3079
-1.96554
15.3079
-5.05
6.26023
-13.5546
6.9297
7.85377
-0.102156
-8.13139
4.26254
6.26023
-8.38634
15.3079
-0.268943
-12.3203
4.26254
15.3079
5.89937
8.45684
15.3079
10.537
13.985
8.11729
3.68981
12.5894
-5.31841
15.3079
-5.68789
15.3079
15.3079
5.36888
-7.14898
-4.36382
3.68981
-12.6492
-12.3203
11.9927
13.5229
6.66373
6.26023
4.26254
6.66373
-8.13139
1.98621
7.81393
15.3079
3.6882
8.45684
3.68981
13.985
10.7051
11.9927
10.716
15.3079
-12.6492
4.26254
8.47265
-13.6456
-9.65639
2.27636
10.5343
13.985
15.3079
3.10158
-14.1836
-10.5185
-5.68789
-4.55248
15.3079
-7.14898
4.26254
12.5894
9.18014
4.26254
13.985
3.10158
12.0982
-14.1836
15.3079
-8.38634
5.01509
11.9927
-9.65639
11.327
13.5229
-8.13139
6.66373
10.716
11.9927
15.3079
-4.36382
12.8676
7.11301
15.3079
6.26023
2.39178
-9.41721
15.3079
2.34049
-1.96554
4.26254
-0.102156
6.69827
5.73195
3.10158
4.26254
-7.16675
6.04038
5.42512
6.70839
15.3079
6.07748
13.5229
2.59888
15.3079
8.94344
6.9297
12.3355
15.3079
9.04186
15.3079
12.5894
2.27636
-12.1251
13.985
-0.268943
-2.81484
-0.102156
9.16459
-6.8103
-3.75907
-13.6456
6.9297
12.8676
15.3079
8.45684
15.3079
15.3079
6.09041
-5.68789
12.0982
13.5229
2.27636
-12.3203
-7.90451
-9.05183
13.5229
-11.0279
12.8676
1.48193
9.04186
0.301656
15.3079
9.74262
15.3079
15.3079
12.3355
13.985
11.9927
-12.3203
12.8676
-14.1836
4.26254
2.27636
13.985
15.3079
11.0354
-6.8103
5.66883
-0.268943
12.5894
-2.70064
12.3355
-0.182643
2.59888
9.81141
-8.12128
13.5229
-1.96554
2.27636
15.3079
15.3079
9.74262
12.8676
3.0266
13.5229
-4.36382
15.3079
10.108
6.70839
-6.8103
-10.2672
-6.8103
-0.102156
10.7051
12.0982
13.985
-0.712833
15.3079
-0.102156
9.81141
8.45684
2.27636
2.27636
15.3079
4.26254
-5.68789
-0.102156
10.716
-13.5546
12.5894
10.537
-6.8103
15.3079
15.3079
-5.02695
9.04186
5.75854
12.8676
7.54351
-10.2672
15.3079
-6.8103
-6.8103
-5.68789
12.5894
4.26254
-5.31841
11.9927
-8.13139
3.10158
-6.8103
12.8676
-12.3203
7.85377
8.43973
15.3079
3.10158
13.5229
6.66373
9.04186
-3.68385
6.07748
6.69827
6.94899
7.85377
15.3079
-7.98494
-7.98494
1.80587
13.985
4.68465
-13.6456
15.3079
8.92422
4.26254
13.5229
15.3079
15.3079
-13.5546
-1.96554
6.26023
3.10158
-6.8103
13.985
4.26254
13.985
-8.08296
-9.05183
8.45684
4.26254
15.3079
-11.0279
6.26023
10.716
2.27636
10.716
-9.65639
-5.68789
2.27636
9.16459
-0.268943
12.8676
-12.1079
-14.1836
-6.8103
10.5343
10.5343
2.59888
-0.102156
-5.74392
13.985
-1.96554
6.26023
13.985
12.8676
2.59888
7.54351
12.3355
4.26254
-0.919561
6.9297
15.3079
3.98964
4.26254
8.59571
15.3079
10.108
4.26254
-12.1251
9.18014
2.27636
2.27636
12.5894
9.74262
-6.2521
7.11301
-5.68789
15.3079
-12.3203
-6.8103
-9.05183
-8.38634
12.5894
-7.36871
-12.3203
2.27636
8.45684
-0.102156
13.5229
15.3079
15.3079
-6.8103
5.73195
-2.02429
13.985
-9.65639
5.66883
-8.13139
2.27636
2.27636
1.80587
-8.13139
8.45684
8.45684
3.6882
3.68981
5.36888
-0.102156
-6.8103
8.59571
13.985
-12.6492
-3.68385
-6.8103
6.9297
-8.13139
10.716
-0.102156
10.716
3.10158
15.3079
6.26023
13.5229
9.15954
-5.02695
-13.5546
10.5343
6.26023
9.16459
15.3079
13.5229
12.0982
-12.1079
-6.8103
-1.96554
13.985
4.26254
12.5894
-0.268943
12.8676
5.10577
15.3079
8.43973
-4.36382
6.26023
15.3079
4.72126
10.108
15.3079
4.26254
-6.8103
6.66373
7.36935
-9.65639
6.26023
-12.1079
12.5894
3.68981
4.26254
13.5229
8.94344
2.27636
-3.68385
6.94899
10.537
4.26254
6.26023
12.5894
-6.8103
8.45684
1.68187
12.0982
0.301656
-6.8103
-9.65639
6.9297
4.26254
-4.03861
-4.36382
4.14349
12.0982
8.45684
-8.13139
3.44049
15.3079
2.27636
2.27636
-9.05183
2.39178
13.5229
10.716
-8.12128
2.27636
9.04186
13.5229
-3.75907
-9.05183
-0.102156
-2.70064
12.5894
13.5229
12.3355
11.9927
1.06487
12.3355
10.5343
2.27636
2.34049
9.18014
-6.8103
2.27636
-6.8103
2.59888
10.716
3.6882
15.3079
15.3079
3.68981
15.3079
15.3079
15.3079
-3.68385
15.3079
15.3079
-5.68789
12.3355
12.5894
10.716
9.04186
-2.70064
4.26254
-9.65639
6.09041
13.5229
15.3079
2.27636
-9.65639
13.5229
15.3079
10.537
-4.36382
-4.36382
10.716
12.8676
12.0982
5.36888
15.3079
6.45787
15.3079
-5.05
-4.36382
8.59571
12.5894
7.87446
-12.1251
12.8676
-9.65639
11.9927
15.3079
13.5229
9.04186
15.3079
-8.38634
6.26023
8.45684
10.5343
15.3079
15.3079
-13.5546
2.27636
4.26254
4.26254
6.26023
6.69781
5.43124
6.66373
-2.70064
15.3079
11.9927
-6.8103
3.10158
11.9927
15.3079
7.85377
10.716
4.26254
7.7716
12.5894
-6.8103
-14.1836
-2.70064
9.74262
8.45684
15.3079
12.5894
10.7051
4.2998
-0.943849
13.985
10.716
-5.68789
-9.05183
-2.70064
-1.96554
-0.268943
13.985
12.5894
15.3079
13.5229
9.04186
15.3079
15.3079
11.9927
2.59888
-2.90479
13.5229
6.26023
6.22793
8.45684
15.3079
6.45787
2.27636
6.09041
4.22508
12.5894
-4.36382
8.30664
9.04186
-7.90451
-4.70618
3.0266
3.6882
15.3079
9.18014
13.5229
15.3079
15.3079
-9.05183
15.3079
9.22996
-4.27588
7.24549
15.3079
6.70839
13.985
12.5894
15.3079
-4.36382
2.27636
-5.68789
-13.5546
6.26023
-7.98494
-5.05
6.07748
4.26254
13.5229
6.26023
-5.68789
15.3079
12.5894
12.5894
3.0266
12.8676
12.0982
-8.13139
15.3079
5.36888
11.327
15.3079
7.36935
12.5894
5.36888
-0.102156
-6.8103
1.80587
4.26254
15.3079
13.5229
-6.8103
-9.65639
12.5894
13.5229
2.27636
8.45684
-7.90451
0.281577
12.5894
6.26023
3.10158
6.07748
7.51648
-5.68789
12.5894
6.66373
15.3079
12.5894
-9.65639
15.3079
2.34049
6.26023
4.26254
-8.12128
13.5229
12.5894
12.5894
-6.22485
-1.97993
15.3079
13.5229
-1.96554
-1.96554
2.27636
-0.268943
-4.36382
-1.96554
-4.36382
13.985
15.3079
10.108
-1.96554
15.3079
6.9297
-6.8103
15.3079
6.09041
12.5894
15.3079
4.26254
1.06994
1.98621
10.5343
-12.1079
10.5343
9.15954
-13.5546
12.5894
4.26254
15.3079
8.45684
15.3079
15.3079
2.59888
10.7051
3.90985
-0.102156
15.3079
8.43973
4.26254
12.5894
8.59571
8.94344
9.04186
9.04186
15.3079
-8.40394
12.8676
-5.61545
15.3079
-1.96554
-4.36382
-2.02429
11.9927
-10.7149
-12.6492
4.26254
-1.96554
7.85377
15.3079
13.5229
2.27636
-5.68789
1.06487
10.108
6.09041
15.3079
12.8676
10.108
10.7051
2.27636
-5.68789
13.985
13.5229
11.9927
11.9927
-5.68789
-10.9853
-9.05183
15.3079
4.26254
15.3079
-13.5546
2.27636
12.5894
9.18014
13.5229
-9.65639
6.66373
6.66373
13.5229
11.327
-3.68385
-7.14898
-13.6456
10.716
13.5229
-6.8103
9.15954
10.716
5.36888
13.5229
6.94899
-5.31841
8.45684
9.74262
2.27636
13.5229
12.5894
-5.31841
10.716
-13.5546
15.3079
-1.96554
6.66373
13.5229
11.327
13.5229
10.5343
-2.81484
5.53404
12.5894
-4.89832
15.3079
10.5343
15.3079
-9.41721
4.26254
12.8676
-3.75907
10.108
13.5229
2.27636
-5.68789
8.92422
0.565141
-6.8103
-4.36382
2.59888
-9.05183
-1.96554
6.26023
15.3079
-6.8103
-0.712833
6.9297
-6.8103
15.3079
2.27636
-9.65639
2.27636
15.3079
0.365016
15.3079
-4.7688
2.27636
15.3079
13.5229
8.94344
10.716
12.5894
15.3079
2.34049
13.5229
-9.65639
13.985
15.3079
12.5894
15.3079
-5.31841
-10.2672
15.3079
13.5229
15.3079
2.27636
-4.36382
12.5894
0.0360494
13.985
2.27636
8.45684
8.45684
-13.5546
15.3079
6.94899
-8.12128
9.04186
-8.13139
-6.8103
15.3079
4.6532
13.5229
4.26254
9.22996
2.27636
13.5229
-0.102156
6.66373
6.26023
-0.712833
11.9927
15.3079
6.66373
10.537
2.27636
3.6486
5.36888
13.5229
2.27636
13.985
6.66373
6.26023
12.5894
3.10158
15.3079
11.327
9.74262
6.26023
12.8676
15.3079
6.9297
9.22996
-1.96554
-0.739296
15.3079
11.9927
-8.38634
7.54351
12.3355
13.5229
15.3079
10.7051
13.985
4.26254
15.3079
15.3079
4.26254
-12.1251
15.3079
6.69827
9.04186
-7.98494
-9.05183
9.81141
13.5229
2.27636
-5.05
4.28021
9.04186
10.5343
13.985
0.365016
6.26023
10.716
8.45684
13.5229
13.5229
-10.2672
10.7051
4.26254
-8.13139
-12.1251
-1.96554
15.3079
11.9927
9.04186
15.3079
3.10158
-8.69843
12.3355
-6.8103
-6.8103
2.27636
2.34049
15.3079
15.3079
-0.704126
5.43124
15.3079
15.3079
2.27636
-0.102156
6.9297
10.108
15.3079
-7.14898
2.45707
8.59571
3.10158
-8.38634
9.18014
15.3079
6.69781
6.26023
15.3079
2.27636
-12.1079
-8.69843
12.5894
-12.3203
15.3079
-0.268943
-5.68789
-6.8103
3.68981
-13.6456
-10.2672
9.15954
13.5229
2.27636
8.30664
-6.8103
6.26023
0.301656
2.59888
4.2998
-4.36382
4.26254
12.8676
15.3079
15.3079
12.5894
-2.81484
-9.05183
-8.38634
8.45684
-4.36382
12.5894
-9.05183
11.327
4.26254
5.36888
15.3079
9.18014
-1.96554
6.26023
15.3079
13.985
13.5229
12.8676
8.47265
3.10158
-12.1079
8.45684
-4.92632
-5.68789
-0.102156
11.9927
2.45707
13.5229
-13.5546
8.94344
12.3355
4.26254
-13.6456
-6.8103
4.26254
12.0982
15.3079
-6.70458
3.10158
4.26254
9.18014
15.3079
-13.5546
10.5343
15.3079
15.3079
2.27636
-9.05183
-13.6456
2.27636
13.5229
6.9297
15.3079
13.5229
6.26023
8.45684
6.94899
6.09041
6.26023
12.5894
9.18014
-9.65659
-5.68789
-14.1836
-5.31841
4.26254
8.45684
-4.36382
9.22996
15.3079
6.09041
-0.712833
15.3079
15.3079
-6.8103
12.8676
12.5894
10.716
3.10158
15.3079
12.5894
6.9297
-5.68789
-3.75907
-1.96554
5.36888
13.5229
2.27636
12.5894
6.07748
4.26254
13.985
6.1127
-1.96554
2.27636
-5.68789
-11.0279
15.3079
15.3079
-10.2672
10.716
12.0982
15.3079
13.5229
2.27636
6.45787
2.27636
6.26023
6.09041
4.26254
4.26254
13.5229
4.26254
0.515871
-4.70618
-0.102156
4.26254
15.3079
2.27636
-13.6456
15.3079
15.3079
8.45684
10.5343
3.68981
-6.8103
15.3079
-1.96554
4.26254
-0.102156
-4.36382
-6.3974
4.26254
-7.90451
12.8676
13.985
-9.65639
2.27636
6.07748
-6.8103
2.27636
15.3079
10.716
12.8676
11.0354
2.27636
13.985
13.985
-1.96554
2.27636
2.27636
4.26254
-8.69843
-2.70064
12.8676
2.27636
10.716
13.5229
-1.96554
-8.69843
-13.5546
-12.3203
10.716
13.985
3.68981
12.8676
13.5229
15.3079
15.3079
15.3079
15.3079
15.3079
15.3079
12.8676
10.716
-0.919561
2.27636
4.28021
15.3079
6.66373
15.3079
4.22508
2.27636
12.8676
13.5229
2.27636
-13.5546
15.3079
4.26254
12.5894
-3.75907
4.26254
3.68981
13.5229
15.3079
7.81393
15.3079
-12.3203
9.74262
-12.1079
3.10158
8.45684
15.3079
15.3079
4.26254
4.26254
-8.13139
15.3079
8.45684
-7.14898
6.66373
10.716
15.3079
7.81393
7.85377
-2.70064
13.985
4.19124
3.10158
-13.5546
2.27636
-4.03755
13.5229
-1.96554
15.3079
15.3079
15.3079
11.0354
13.5229
0.301656
-7.90451
13.985
12.5894
3.10158
6.66373
13.5229
15.3079
2.64445
15.3079
2.27636
-1.96554
15.3079
10.716
13.985
6.07748
6.26023
7.11301
13.5229
4.2998
6.9297
13.5229
-12.1079
-7.98494
2.59888
15.3079
-6.8103
-5.05
15.3079
4.26254
-13.5546
10.716
12.5894
15.3079
15.3079
-9.05183
0.489045
5.16911
-5.02695
11.9927
15.3079
13.5229
13.5229
4.19124
2.27636
2.27636
7.9241
15.3079
-6.8103
-5.74392
2.27636
11.0354
2.27636
-13.6456
8.47265
6.26023
13.985
4.26254
1.98621
5.36888
4.26254
-1.96554
-5.02695
15.3079
-10.5485
5.73195
9.04186
15.3079
15.3079
2.27636
-0.102156
15.3079
4.26254
6.26023
7.81393
11.327
8.45684
3.10158
-13.5546
11.9927
12.8676
-0.268943
8.45684
-5.31414
2.27636
2.39178
4.26254
8.45684
-6.8103
2.59888
11.327
6.80092
-12.1079
2.27636
15.3079
-0.102156
1.98621
5.40721
-8.13139
-10.9853
10.537
8.92422
-13.5546
15.3079
-5.74392
12.5894
5.01509
3.10158
7.85377
13.5229
9.16459
2.27636
10.7051
6.80092
11.9927
12.3355
2.27636
13.5229
5.62605
15.3079
9.16459
-0.102156
-12.1251
15.3079
11.327
-0.102156
2.27636
-13.5546
-10.9853
-0.372166
13.5229
15.3079
-8.69843
-0.268943
15.3079
13.985
6.26023
-5.68789
10.716
13.5229
-10.9853
6.9297
-9.65639
-0.268943
15.3079
7.85377
-8.12128
4.26254
-7.90451
4.13275
15.3079
12.5894
-6.8103
-0.832001
-5.68789
12.3355
-5.05
13.985
4.26254
5.36888
-9.65639
-6.8103
3.68981
15.3079
12.0982
12.5894
6.9297
10.5343
6.9297
-13.5546
-9.65639
-9.05183
15.3079
15.3079
-0.268943
8.59571
-1.96554
6.80092
5.66883
2.27636
-6.8103
-10.2672
-4.36382
10.716
-8.69843
-5.74392
15.3079
3.10158
-6.8103
4.26254
5.89937
-8.13139
15.3079
6.09041
13.5229
6.1127
8.11729
8.45684
6.26023
5.53404
7.7716
6.26023
10.716
12.5894
-8.13139
-5.91327
-13.6456
13.5229
15.3079
12.5894
8.45684
4.63274
3.10158
2.27636
2.27636
-12.3203
15.3079
10.5343
15.3079
-1.96554
15.3079
5.35284
-8.12128
9.04186
11.9927
4.26254
6.26023
-1.89368
-0.102156
10.5343
15.3079
-5.74392
9.04186
-0.712833
9.74262
-9.65659
-7.27431
12.5894
10.716
12.5894
12.5894
6.26023
2.27636
-5.02695
4.26254
13.5229
-1.582
-2.91617
8.45684
-9.17652
15.3079
15.3079
6.38553
8.45684
12.8676
4.26254
8.59571
8.47265
8.30664
-1.96554
-9.65639
-13.5546
-2.02429
-12.6492
-4.36382
12.5894
2.45707
5.36888
-0.832001
15.3079
15.3079
-5.05
12.5894
13.5229
6.09041
-0.102156
-1.97993
-9.65639
2.34049
10.537
2.27636
6.26023
-6.8103
2.27636
-12.3203
8.92422
-0.268943
-12.1251
13.985
9.16459
4.26254
3.10158
6.66373
-2.90479
-12.1251
8.45684
3.10158
12.5894
9.81141
15.3079
11.9927
-12.3203
-8.08483
15.3079
-5.74392
12.5894
4.78396
6.26023
-6.8103
7.24549
3.6882
9.74262
13.5229
15.3079
4.9566
15.3079
-6.8103
-6.8103
-0.712833
12.0982
15.3079
11.0354
12.5894
-4.03861
8.11729
8.59571
3.0266
6.26023
6.26023
10.5343
-13.6456
-13.5546
-3.68385
4.26254
12.8676
-1.96554
12.5894
4.2998
6.26023
10.5343
-10.9853
8.45684
11.9927
6.9297
13.5229
12.8676
15.3079
10.108
8.45684
15.3079
12.3355
-13.6456
-6.8103
9.04186
-0.372166
-6.8103
3.98964
-0.712833
12.5894
8.45684
13.5229
-7.27431
11.9927
15.3079
9.04186
15.3079
8.59571
15.3079
-5.68789
4.26254
15.3079
-6.8103
15.3079
12.5894
-0.268943
12.5894
0.365016
12.5894
4.26254
15.3079
9.04186
15.3079
1.95441
-5.02695
-9.17652
12.5894
7.54351
6.9297
9.04186
3.53286
4.26254
15.3079
11.9927
-8.13139
6.9297
10.108
13.5229
4.22508
-5.05
8.92422
13.5229
15.3079
15.3079
8.45684
11.9927
15.3079
4.26254
-12.1079
2.27636
6.26023
12.5894
-1.582
13.5229
10.716
13.5229
-12.3203
15.3079
8.45684
-10.5485
13.985
15.3079
2.27636
13.985
12.5894
-12.3203
-1.19248
6.26023
0.515871
13.5229
15.3079
4.22508
13.5229
-9.41721
12.5894
3.10158
10.716
13.985
-1.96554
12.5894
6.69781
15.3079
15.3079
11.327
13.5229
8.30664
12.5894
10.716
-13.6456
8.45684
-1.96554
-5.31841
13.5229
7.81393
6.26023
6.26023
9.18014
-12.1079
9.04186
3.90985
6.9297
15.3079
-1.96554
-3.68385
2.27636
9.15954
15.3079
15.3079
9.04186
13.5229
15.3079
-6.8103
12.5894
-9.65659
8.45684
-14.1836
0.301656
7.9241
-2.81484
-8.13139
12.5894
15.3079
-6.8103
9.18014
11.0354
-10.9853
4.26254
2.27636
15.3079
8.45684
9.16459
13.5229
15.3079
-7.90451
-0.102156
12.3355
3.10158
15.3079
13.985
11.9927
-2.2175
-4.03755
2.27636
8.47265
15.3079
10.5343
-1.96554
-8.12128
12.3355
12.8676
2.27636
12.3355
-8.13139
2.59888
4.26254
-10.5485
-5.39135
-0.102156
12.5894
-12.1251
4.26254
-3.75907
4.26254
12.5894
-2.81484
-6.8103
4.68465
9.04186
15.3079
13.985
2.34049
10.108
-2.81484
8.45684
6.9297
8.45684
-0.268943
-4.36382
-6.8103
12.5894
4.26254
15.3079
12.5894
6.07748
13.985
13.5229
15.3079
-12.1079
15.3079
8.59571
8.59571
5.66883
-0.102156
-5.68789
-12.3203
3.68981
9.15954
7.81393
12.0982
3.10158
5.16911
-8.08296
4.26254
-12.3203
15.3079
8.94344
4.26254
10.716
-0.102156
2.27636
6.26023
10.716
0.301656
-4.36382
-3.75907
15.3079
10.716
-4.27588
6.26023
-1.96554
7.85377
10.5343
12.3355
15.3079
15.3079
8.45684
4.26254
15.3079
6.9297
3.68981
9.16459
9.04186
-0.712833
-5.68789
3.90985
-6.8103
11.327
-0.889993
3.10158
5.43124
15.3079
6.38553
-5.31841
0.515871
4.26254
15.3079
15.3079
-6.22485
-12.6492
15.3079
-12.3203
10.108
11.327
3.10158
-12.3203
5.36888
13.5229
15.3079
9.16459
6.26023
2.27636
-7.27431
2.27636
1.06487
13.5229
6.04038
2.27636
-10.9853
10.5343
13.5229
4.26254
13.985
12.0982
6.26023
-6.8103
12.0982
9.22996
12.5894
6.26023
6.26023
11.9927
6.07748
12.5894
-6.8103
6.09041
11.9927
-6.8103
-8.38634
15.3079
12.0982
-3.75907
15.3079
-0.832001
2.27636
15.3079
10.108
15.3079
5.73195
11.327
13.5229
12.5894
5.36888
0.515871
6.26023
15.3079
-6.8103
15.3079
15.3079
15.3079
8.43973
4.22508
2.34049
3.6882
-3.75907
3.68981
4.26254
12.5894
13.985
12.3355
5.21811
-7.16675
8.92422
2.27636
-0.268943
3.12462
2.27636
8.92422
6.80092
-12.3203
9.15954
-12.3203
2.27636
10.108
2.27636
6.66373
6.66373
6.09041
7.54351
13.985
6.9297
-2.81484
7.85377
5.36888
6.26023
-5.68789
10.537
13.985
-0.712833
8.92422
1.98621
13.985
-6.8103
2.27636
15.3079
10.108
15.3079
13.5229
9.04186
15.3079
4.26254
10.5343
4.26254
-2.87498
2.27636
-6.8103
-1.96554
15.3079
12.5894
-5.68789
10.716
-0.102156
3.05864
-10.5185
15.3079
2.27636
-14.1836
5.43124
15.3079
11.9927
-12.3203
-1.96554
8.45684
2.27636
-6.77574
-13.5546
15.3079
-6.8103
8.47265
-0.268943
12.5894
15.3079
-0.712833
1.61715
-12.1079
6.26023
4.26254
15.3079
-6.8103
11.0354
3.68981
13.5229
15.3079
8.45684
15.3079
8.45684
6.94899
15.3079
9.74262
-5.05
5.36888
12.0982
5.66883
15.3079
-3.07564
7.85377
11.0354
8.47265
13.985
12.5894
11.9927
-5.68789
4.22508
15.3079
9.04186
12.5894
-13.5546
9.04186
7.81393
2.64445
15.3079
15.3079
4.26254
13.985
-9.65639
3.90985
-7.36871
15.3079
15.3079
2.27636
4.93708
4.26254
2.27636
6.09041
-8.38634
-5.68789
-9.65639
-5.74392
8.92422
8.45684
15.3079
2.59888
0.698358
11.0354
12.3355
8.45684
13.5229
8.45684
4.26254
15.3079
4.26254
-5.68789
10.5343
-12.3203
6.26023
15.3079
1.06487
-13.6456
13.5229
13.5229
-9.65639
6.66373
12.5894
-9.65639
12.5894
8.45684
-13.5546
-0.919561
-5.68789
-13.5546
-13.5546
-10.9853
-0.102156
11.0354
2.59888
4.26254
-6.8103
-8.85801
10.5343
15.3079
-1.96554
-10.9853
-6.8103
12.5894
9.04186
15.3079
12.8676
15.3079
12.8676
15.3079
-6.8103
15.3079
12.5894
-0.102156
13.5229
-10.2672
12.5894
-8.77696
11.327
10.5343
15.3079
13.5229
-12.1079
-4.03755
7.9241
-9.65639
7.36935
12.3355
12.3355
15.3079
-10.5485
15.3079
13.985
15.3079
-6.22485
2.27636
4.26254
4.26254
1.98621
-11.0279
13.5229
-14.1836
-1.96554
-0.102156
-5.74392
13.5229
13.985
2.27636
7.81393
3.98964
3.10158
8.45684
3.98964
6.80092
-5.68789
-13.5546
10.716
-12.6492
13.5229
15.3079
-9.65639
4.13275
13.5229
13.5229
-12.1079
6.83508
10.5343
12.0982
10.537
-1.96554
-9.05183
1.98621
9.04186
15.3079
-13.6456
-2.81484
-14.1836
9.04186
-2.70064
1.06487
6.9297
15.3079
-13.6456
12.5894
12.5894
15.3079
2.27636
2.27636
13.985
8.45684
6.26023
2.39178
8.45684
15.3079
-0.712833
-6.2521
4.26254
13.985
7.85377
-8.13139
15.3079
2.27636
12.5894
15.3079
10.716
11.9927
3.98964
7.87446
4.26254
0.484344
15.3079
10.716
-9.65659
15.3079
3.10158
-5.23783
2.64445
4.26254
2.27636
12.0982
2.27636
12.5894
2.59888
6.16746
4.26254
15.3079
-4.36382
-2.02429
12.8676
9.16459
13.985
5.66883
12.5894
2.27636
-8.13139
13.5229
4.4371
0.484344
9.18014
-12.3203
8.43973
-13.5546
3.90985
-3.75907
8.92422
15.3079
9.15954
15.3079
12.5894
3.10158
-6.8103
5.36888
-3.75907
8.45684
-6.8103
6.1127
2.50381
2.59888
13.985
-4.03755
15.3079
5.16911
15.3079
8.45684
8.47265
12.3355
-9.65639
11.9927
13.5229
6.9297
6.70839
12.8676
-0.832001
7.32285
12.5894
-7.23032
15.3079
-7.14898
3.90985
4.26254
-4.36382
10.108
6.07748
10.716
2.27636
12.3355
15.3079
6.66373
12.3355
10.716
-13.5546
15.3079
12.5894
-1.96554
15.3079
4.26254
12.5894
-11.8084
-4.03861
4.26254
2.27636
-6.8103
4.26254
13.5229
9.22996
-6.8103
10.537
8.45684
13.985
13.5229
10.7051
6.26023
8.92422
-9.17652
15.3079
15.3079
4.26254
12.0982
-13.5546
-6.8103
1.06487
12.8676
4.26254
3.10158
-0.268943
6.9297
-3.40015
9.22996
2.27636
-13.5546
0.301656
-14.1836
2.27636
4.26254
-3.75907
-10.5185
6.9297
15.3079
10.716
-9.65639
9.18014
-0.102156
-5.68789
8.92422
13.985
2.27636
-0.832001
-6.8103
2.27636
13.5229
2.27636
15.3079
10.7051
6.07748
15.3079
15.3079
13.5229
13.5229
-10.7149
6.26023
15.3079
15.3079
12.5894
2.27636
2.27636
8.59571
8.45684
2.27636
6.26023
-3.75907
15.3079
2.59888
12.5894
-13.5546
7.9241
11.0354
4.26254
-1.96554
7.81393
12.3355
-0.268943
2.27636
15.3079
15.3079
6.26023
4.26254
15.3079
13.5229
-8.13139
2.27636
6.9297
9.15954
-0.712833
10.716
-10.5485
11.0354
9.74262
-5.05
-8.12128
7.81393
13.5229
-14.1836
-10.5485
-0.102156
6.9297
13.985
13.5229
-4.36382
13.985
13.985
12.0982
2.27636
12.0982
10.716
10.537
-7.90451
-14.1836
-8.12128
-12.1079
-8.69843
8.45684
13.985
15.3079
2.27636
10.716
2.27636
-0.712833
6.26023
9.16459
4.19124
10.716
-6.8103
1.76596
4.22508
-3.75907
-6.8103
4.26254
-0.102156
-5.68789
6.9297
-6.8103
3.10158
-3.68385
13.5229
11.327
13.985
12.3355
13.5229
-10.9853
12.3355
4.26254
5.36888
15.3079
-13.6456
2.27636
8.45684
12.3355
13.5229
-5.68789
12.3355
12.5894
11.0354
-0.102156
15.3079
6.26023
13.985
12.5894
-8.12128
6.07748
15.3079
15.3079
-8.69843
4.26254
8.47265
6.26023
15.3079
12.3355
10.716
9.16459
-9.05183
10.716
4.90939
0.281577
15.3079
13.985
-6.8103
2.27636
-3.51127
-11.0279
2.27636
-2.02429
4.26254
15.3079
15.3079
-0.268943
13.5229
6.9297
9.04186
9.74262
10.716
15.3079
7.81393
-1.96554
13.985
13.5229
6.26023
15.3079
2.34049
8.45684
2.27636
13.5229
2.27636
15.3079
2.27636
-6.8103
12.5894
12.3355
9.04186
4.26254
2.39178
13.5229
-0.102156
12.5894
-4.36382
-8.13139
5.36888
12.3355
-0.102156
8.59571
-0.268943
-5.68789
15.3079
12.5894
13.5229
-8.40394
2.34049
-1.96554
7.85377
11.9927
-1.96554
15.3079
10.537
1.06487
-0.268943
15.3079
9.18014
15.3079
6.26023
12.8676
-0.919561
-5.05
13.985
15.3079
-10.7149
6.07748
11.9927
13.5229
-1.96554
8.43973
6.70839
11.9927
-8.13139
4.26254
15.3079
13.985
4.26254
4.26254
4.22508
9.04186
-6.8103
15.3079
9.18014
-0.102156
4.26254
-13.5546
-0.832001
10.716
15.3079
-0.268943
-7.14898
6.9297
6.83508
15.3079
15.3079
13.5229
8.45684
2.27636
15.3079
10.716
15.3079
11.327
-7.80788
-1.96554
8.45684
5.75854
9.18014
6.9297
2.64445
13.5229
15.3079
-6.70458
10.5343
-13.5546
4.4371
10.7051
11.9927
0.301656
3.10158
15.3079
-5.68789
-7.36871
-11.8084
2.27636
2.27636
10.716
2.27636
10.716
12.0982
8.45684
7.81393
-8.13139
-10.7149
4.26254
10.716
5.66883
-2.81484
2.22596
8.59571
-1.96554
8.45684
11.9927
-13.6456
-5.68789
11.9927
-5.31841
8.45684
-2.81484
-2.02429
-1.96554
9.04186
10.5343
-0.712833
2.27636
0.301656
-0.792121
12.5894
2.59888
12.5894
13.5229
0.365016
5.37101
7.87446
-8.12128
4.26254
15.3079
-1.96554
3.90985
0.515871
8.45684
15.3079
-1.96554
8.45684
-0.102156
8.59571
15.3079
8.47265
8.59571
15.3079
-14.1836
4.26254
15.3079
15.3079
12.3355
-4.36382
13.5229
2.64445
15.3079
-9.65639
-6.8103
-7.27431
2.27636
12.5894
11.327
6.07748
-2.81484
6.26023
4.26254
-13.5546
10.537
-2.01266
-5.31841
12.5894
3.68981
-12.3203
13.985
-13.5546
-6.8103
-12.1251
3.10158
0.484344
2.59888
7.9241
6.07748
-5.74325
7.81393
10.537
-7.23032
13.5229
2.27636
15.3079
15.3079
2.27636
5.73195
12.5894
4.22168
15.3079
9.74262
15.3079
-0.102156
-2.02429
-14.1836
12.3355
12.5894
10.716
15.3079
6.1127
12.5894
-10.5485
-13.6456
15.3079
4.26254
12.0982
15.3079
12.3355
9.74262
-11.8084
11.9927
-8.13139
-5.68789
9.04186
2.59888
-0.102156
7.36935
-8.12128
12.3355
2.27636
2.27636
-14.1836
-13.6456
1.06994
15.3079
6.38553
3.10158
2.27636
8.45684
12.5894
-13.5546
15.3079
6.9297
13.5229
-6.8103
3.6882
4.26254
12.0982
-5.05
-0.712833
15.3079
2.59888
-3.05852
2.34049
6.9297
4.2998
4.22508
6.38553
-1.96554
2.50381
3.10158
9.74262
12.5894
0.484344
-6.8103
4.6443
-0.268943
12.5894
12.3355
-0.712833
2.27636
9.74262
13.5229
15.3079
12.0982
5.43124
-6.8103
10.108
-14.1836
4.26254
15.3079
8.45684
-1.96554
10.716
12.5894
1.68187
1.1139
4.26254
10.7051
9.18014
6.9297
12.5894
15.3079
-13.6456
12.0982
15.3079
11.9927
-13.5546
-6.8103
3.98964
-13.5546
4.26254
6.26023
10.716
-10.9853
-4.03861
13.985
6.9297
-4.36382
-10.2672
2.27636
-4.36382
8.59571
2.27636
-1.96554
15.3079
9.04186
3.12462
-2.70064
7.36935
-1.582
3.10158
-2.01266
4.26254
8.45684
-8.69843
15.3079
4.19124
13.985
15.3079
4.26254
4.26254
2.27636
11.327
12.0982
0.301656
-6.8103
-6.8103
15.3079
12.5894
8.92422
5.36888
2.27636
15.3079
13.5229
4.26254
-0.102156
3.6882
8.45684
8.45684
-5.31841
-5.68789
2.27636
1.98621
4.78396
12.5894
11.9927
12.5894
-0.268943
-5.05
3.10158
-8.13139
15.3079
15.3079
-8.38634
13.985
15.3079
-5.05
6.07748
2.27636
9.18014
3.0266
4.6443
-12.1251
12.5894
10.716
-9.09222
-10.2672
-0.792121
8.45684
11.327
10.5343
3.65868
6.26023
-9.65639
-13.5546
12.5894
-12.3203
7.9241
2.39178
9.18014
11.0354
4.26254
2.59888
-5.68789
15.3079
4.26254
0.565141
4.26254
6.26023
-6.8103
15.3079
-6.8103
4.26254
-10.2672
9.22996
4.9566
6.26023
15.3079
6.66373
6.66373
-5.68789
2.22792
-8.13139
9.22996
-13.5546
6.26023
3.52025
15.3079
5.43124
7.81393
-1.96554
4.22168
13.5229
6.26023
2.50381
12.8676
-10.9853
3.10158
10.716
2.22792
8.59571
2.27636
10.716
10.716
-1.96554
6.07748
8.45684
-6.8103
13.5229
-0.102156
-3.75907
6.66373
9.18014
-0.102156
4.26254
13.985
8.59571
-4.36382
15.3079
15.3079
15.3079
15.3079
-4.9367
-6.70458
5.73195
0.301656
-0.268943
15.3079
-6.8103
10.108
4.26254
13.985
10.5343
6.9297
13.5229
2.27636
15.3079
6.66373
4.26254
12.8676
2.27636
15.3079
9.81141
3.10158
-3.07564
-10.5485
3.68981
6.26023
13.985
12.5894
-8.13139
8.59571
-12.1079
15.3079
-9.05183
12.8676
-0.102156
-1.96554
6.70839
3.6882
-3.75907
-8.40394
10.537
-1.96554
12.0982
3.68981
-9.05183
-0.102156
6.9297
-10.9853
-5.68789
3.10158
15.3079
13.5229
15.3079
15.3079
12.5894
-12.6492
6.04038
-12.3203
1.06487
6.26023
10.716
13.5229
8.94344
12.5894
15.3079
-10.9853
4.26254
15.3079
8.45684
15.3079
6.26023
-10.5485
2.64445
15.3079
6.94899
13.5229
2.27636
4.26254
-5.68789
11.0354
-0.102156
12.8676
2.34049
12.0982
6.26023
-0.712833
15.3079
10.716
4.26254
-9.05183
-12.1251
-13.5546
6.26023
9.04186
3.10158
15.3079
5.36888
-5.74392
15.3079
6.38553
8.59571
2.27636
6.9297
-10.2672
9.22996
15.3079
-5.74392
6.9297
2.27636
-14.1836
-0.102156
12.5894
-1.96554
4.2998
11.327
-7.14898
9.04186
8.43973
-0.792121
4.26254
3.90985
15.3079
-9.17652
-1.96554
11.9927
-3.07564
3.10158
15.3079
8.59571
-6.8103
4.2998
4.26254
3.10158
8.45684
10.716
8.59571
15.3079
3.10158
15.3079
5.75854
8.92422
15.3079
2.27636
-6.8103
15.3079
12.5894
12.5894
15.3079
6.9297
15.3079
2.27636
-5.31841
15.3079
15.3079
15.3079
15.3079
-9.65639
-12.3203
-4.03861
15.3079
12.5894
4.26254
7.54351
-8.13139
15.3079
3.90985
5.42512
1.80587
9.81141
12.5894
15.3079
15.3079
-10.2672
12.5894
-6.8103
-8.13139
-6.8103
12.5894
6.07748
10.5343
-9.65639
15.3079
4.78396
2.27636
12.5894
3.10158
6.26023
15.3079
12.5894
6.26023
8.45684
5.73195
6.26023
15.3079
13.5229
12.5894
-10.2672
6.66373
15.3079
13.5229
8.45684
13.985
9.04186
6.07748
5.36888
15.3079
8.45684
-12.1251
8.45684
13.5229
3.12462
15.3079
10.716
-9.65639
