85.9974
-14.9146
-79.1226
-83.731
-10.4689
10.8688
8.24757
-79.1226
3.17672
2.21099
5.55482
-6.60518
-17.0975
15.8782
-1.02527
3.76143
3.17672
68.9196
24.2326
-52.5352
5.5862
-3.28215
-52.5352
3.17672
15.8782
24.2326
2.12881
7.5069
-52.5352
1.72321
1.72321
-6.60518
-6.60518
68.9196
24.2326
4.80326
81.245
81.245
-52.5352
-2.50551
-14.9146
2.26543
-87.2476
-4.03854
-3.71629
-52.5352
4.40401
-52.5352
-52.5352
-3.64293
-52.5352
-79.1226
-1.72851
6.08723
-79.1226
-14.9146
-5.05241
24.2326
6.08723
-14.9146
5.86532
-17.0975
-0.975735
10.8655
68.9196
-52.5352
-52.5352
-2.18389
1.72321
-3.22814
-1.72851
-3.32628
-52.5352
5.67804
-14.9146
8.89972
3.08076
10.8655
68.9196
3.74774
10.8655
-6.80478
-79.1226
-1.02527
2.55831
87.408
-6.80478
8.24757
0.208392
0.966465
-0.499359
-52.5352
3.70245
24.2326
10.8655
-79.1226
-8.57166
0.395003
-10.4689
-4.88537
-3.37315
-52.5352
-10.4689
-0.679694
-79.1226
-52.5352
1.72321
84.5037
-52.5352
-52.5352
-0.499359
-0.975735
-4.88537
3.17672
10.8688
-1.72851
-8.43621
-14.9146
-14.9146
8.24757
86.8534
2.53799
-52.5352
68.9196
24.2326
24.2326
5.67804
-5.15213
10.8655
10.8688
24.2326
-52.5352
3.17672
-52.5352
-5.86762
-1.30968
7.5069
-4.03854
-2.25467
-10.4689
-1.72851
4.82413
-79.1226
10.8655
-5.70056
5.5862
3.17672
-0.679694
1.31404
5.86532
4.03562
-8.43621
10.8688
-79.1226
-1.86457
2.26543
-10.4689
-1.72851
81.245
-0.535498
1.72321
0.208392
-52.5352
2.02719
-0.499359
-3.52966
10.8688
4.6536
68.9196
6.08723
0.476153
0.0462651
10.8655
4.80326
-52.5352
85.9974
-1.20646
24.2326
-1.72851
0.828242
-52.5352
-8.43621
-79.1226
0.828242
-1.72851
2.43211
-1.94784
-79.1226
-52.5352
3.17672
3.32561
-10.4689
-8.43621
-8.43621
7.5069
2.45649
-1.72851
24.2326
-17.0975
-79.1226
68.9196
-8.43621
-2.25467
-2.9369
-14.9146
3.32561
68.9196
0.334116
15.8782
-52.5352
68.9196
5.10854
24.2326
-52.5352
68.9196
-52.5352
24.2326
-5.86762
-52.5352
-0.505379
3.17672
-52.5352
-4.07609
-6.56114
-4.49561
68.9196
-4.03854
68.9196
-52.5352
4.53903
24.2326
-3.49043
-52.5352
-4.03854
24.2326
-4.03854
-8.43621
10.8655
-6.80478
81.245
-3.64293
3.17672
-6.80478
81.245
-14.9146
-1.72851
-1.94784
-4.03854
1.31404
-2.25467
-0.975735
24.2326
-1.72851
-1.94784
-0.975735
2.21099
-2.02861
24.2326
-14.9146
68.9196
6.95474
-10.1365
68.9196
-4.49561
-3.06188
-3.85131
-2.50551
-52.5352
4.80326
8.24757
-79.1226
-52.5352
0.934813
8.24757
-79.1226
24.2326
8.89972
-1.72851
2.58282
24.2326
-14.9146
-52.5352
-79.1226
10.8655
3.17672
-2.36678
-10.4689
24.2326
-14.9146
4.14316
-79.1226
-79.1226
3.17672
5.86532
-52.5352
-79.1226
-4.49561
-8.43621
68.9196
-3.09434
3.70245
-79.1226
-6.56114
4.80326
0.719415
-17.0975
-79.1226
-52.5352
10.8655
-4.81573
-52.5352
5.67804
-0.499359
-10.1365
8.89972
-14.9146
-4.03854
-79.1226
-0.499359
-14.9146
5.55482
3.17672
-79.1226
-2.50551
1.15484
-1.72851
-17.0975
-52.5352
-4.03854
3.17672
-8.57166
2.84111
-52.5352
-1.30968
0.0900287
-52.5352
81.245
86.8534
-5.19722
1.67097
-14.9146
68.9196
15.8782
-10.4689
4.14316
-2.50551
0.719415
68.9196
-17.0975
5.67804
5.67804
4.40481
68.9196
-14.9146
3.15086
-5.86762
68.9196
-52.5352
2.76787
3.17672
-2.14701
-52.5352
-10.1365
-17.0975
-52.5352
10.8688
1.94336
-52.5352
15.8782
-79.1226
4.30295
5.67804
-0.521473
-52.5352
-83.731
-83.731
-1.72851
-10.1365
24.2326
-8.57166
-6.60518
-1.12552
3.17672
-8.43621
-17.0975
6.95474
3.17672
-52.5352
-52.5352
-52.5352
-79.1226
3.76143
-52.5352
-79.1226
8.89972
68.9196
2.26543
5.86532
-52.5352
5.67804
-85.602
-52.5352
-1.32899
15.8782
10.8655
-1.72851
3.61972
-52.5352
-87.9974
15.8782
-3.85131
-52.5352
4.03562
5.86532
2.43211
-10.4689
-10.4689
1.31404
-17.0975
3.74774
5.10854
2.33878
-10.1365
-1.72851
-14.9146
-87.2476
10.8688
81.245
-79.1226
-14.9146
-52.5352
-52.5352
-0.521473
68.9196
2.21099
81.245
-0.073823
68.9196
3.61972
-0.626832
-1.94784
24.2326
-2.50551
-52.5352
-79.1226
81.245
1.72321
5.86532
-17.0975
1.41961
-5.86762
-14.9146
-52.5352
8.89972
1.72321
-8.57166
-52.5352
24.2326
-0.521473
-4.03854
10.8655
-79.1226
24.2326
68.9196
-52.5352
-52.5352
8.89972
-17.0975
-52.5352
68.9196
-1.43699
-52.5352
8.89972
-1.72851
-5.15213
-2.84782
-5.19722
-8.57166
81.245
-6.60518
3.17672
-8.43621
-5.15213
8.89972
15.8782
-52.5352
24.2326
-4.0961
-1.94784
-52.5352
-10.1365
-3.52966
10.8688
-79.1226
-52.5352
7.5069
-87.2476
68.9196
-10.1365
-1.15237
-79.1226
-8.43621
6.08723
3.17672
3.1087
-52.5352
1.72321
-52.5352
-5.05241
68.9196
-1.72851
-1.12552
-1.72851
6.70674
-52.5352
-2.50551
5.67804
3.17672
-52.5352
-8.57166
68.9196
-79.1226
-3.85131
-79.1226
-2.56914
-17.0975
3.17672
10.8688
0.0240684
3.17672
-6.60518
-52.5352
24.2326
-52.5352
-2.50551
-1.42697
-14.9146
-14.9146
-14.9146
0.934813
-1.72851
68.9196
4.80326
3.17672
-0.975735
8.89972
-6.80478
1.63261
3.17672
24.2326
4.18524
24.2326
1.63261
-4.0961
2.58282
3.95832
84.5037
24.2326
-52.5352
3.17672
-5.15213
5.67804
6.95474
3.95832
68.9196
-52.5352
-2.56914
10.8688
5.67804
3.60106
5.10854
-79.1226
-0.975735
-10.1365
10.8655
-6.88765
-2.84782
-4.03854
-52.5352
-79.1226
-14.9146
81.245
-52.5352
-2.17961
24.2326
68.9196
-52.5352
-52.5352
-52.5352
-52.5352
5.5862
2.49537
68.9196
-79.1226
-52.5352
3.17672
-14.9146
-0.975735
-2.84782
-52.5352
4.40481
-4.49561
24.2326
-79.1226
-1.42697
8.24757
-52.5352
-79.1226
1.14536
-17.0975
68.9196
10.8655
3.32561
-5.86762
3.37533
-14.9146
-87.2476
5.55482
-52.5352
84.5037
24.2326
-52.5352
4.30295
-0.679694
-52.5352
-1.72851
-4.01012
6.08723
-86.6139
1.31404
1.41961
-5.19722
0.604681
-52.5352
-2.17961
-79.1226
68.9196
86.8534
10.8655
-14.9146
5.86532
-79.1226
-1.72851
-52.5352
-14.9146
3.17672
-79.1226
0.828242
3.32561
4.30295
-1.72851
15.8782
4.40401
-1.72851
1.72321
2.58282
-4.03854
68.9196
-2.32113
-14.9146
-14.9146
24.2326
3.17672
1.72321
-52.5352
10.8655
68.9196
3.32561
-79.1226
24.2326
15.8782
24.2326
-52.5352
2.85457
15.8782
68.9196
-17.0975
-0.521473
-14.9146
-10.4689
1.72321
81.245
-5.86762
-52.5352
-8.43621
8.89972
-1.72851
1.72321
-52.5352
24.2326
24.2326
10.8655
24.2326
-0.975735
3.17672
3.17672
-52.5352
-14.9146
-52.5352
-79.1226
2.12881
4.30295
-87.2476
-10.1365
5.10854
-83.731
81.245
0.395003
4.30295
-4.03854
-4.0961
-1.72851
8.24757
24.2326
5.55482
1.63261
-1.72851
3.60106
5.67804
-79.1226
-52.5352
-52.5352
7.5069
-52.5352
-52.5352
0.395003
-79.1226
-10.4689
3.17672
-52.5352
2.85457
24.2326
4.80326
85.9974
81.245
-79.1226
-85.602
68.9196
-4.03854
5.67804
-52.5352
-10.4689
-1.72851
-1.94784
-0.054786
-52.5352
-1.72851
-8.43621
4.40481
10.8655
-83.731
-52.5352
-2.56914
10.8655
-14.9146
-79.1226
-52.5352
68.9196
15.8782
-17.0975
81.245
-52.5352
-14.9146
15.8782
1.31404
15.8782
81.245
-1.72851
-17.0975
1.72321
-79.1226
0.395003
-2.56914
1.31404
-4.03854
-52.5352
-5.05241
68.9196
3.17672
68.9196
68.9196
8.89972
24.2326
-2.56914
-14.9146
10.8655
-4.88537
-79.1226
-2.50551
81.245
-1.94784
3.17672
-52.5352
-2.9369
-3.37315
5.86532
-3.76334
-6.60518
-52.5352
-1.94784
-83.731
-3.85131
-14.9146
-17.0975
-52.5352
-5.86762
2.43211
-17.0975
-0.900987
24.2326
6.08723
24.2326
-3.85131
-6.88765
1.31404
5.67804
-14.9146
1.72321
10.8688
68.9196
-85.602
6.95474
3.17672
-4.03854
6.95474
-14.9146
4.14316
10.8655
-14.9146
-10.4689
81.245
-52.5352
-17.0975
-4.74961
3.17672
-52.5352
6.70674
-17.0975
-83.731
10.8688
-52.5352
-4.74961
-10.1365
-52.5352
4.82413
68.9196
24.2326
-2.51787
-52.5352
-52.5352
4.30295
-3.85131
-5.86762
-6.80478
10.8688
-52.5352
10.8688
-10.1365
1.75659
24.2326
-52.5352
-6.56114
-4.03854
-0.975735
-1.72851
-52.5352
5.3848
-0.975735
-79.1226
68.9196
-79.1226
24.2326
3.17672
5.5862
-0.499359
2.43211
-83.731
3.32561
3.04611
6.08723
24.2326
-4.22235
15.8782
-8.43621
15.8782
3.37533
1.11248
1.17145
2.76787
24.2326
-2.62694
0.583562
0.395003
-52.5352
-79.1226
24.2326
-52.5352
24.2326
5.86532
10.8688
5.67804
1.72321
-52.5352
-3.85131
-2.84782
2.21099
-1.72851
-2.63264
-17.0975
-1.72851
3.17672
1.63261
-14.9146
-87.6815
-4.07609
-6.80478
3.35192
-83.731
-52.5352
-52.5352
-0.975735
-1.12552
1.72321
-52.5352
-8.57166
-52.5352
10.8655
7.5069
-14.9146
-87.9974
-14.9146
85.9974
1.17145
-8.43621
15.8782
1.72321
3.17672
-79.1226
15.8782
24.2326
-79.1226
-52.5352
84.5037
-79.1226
-4.88537
-79.1226
6.08723
68.9196
-52.5352
-6.80478
-10.4689
-52.5352
-52.5352
1.31404
-0.975735
-5.05241
-88.4262
68.9196
10.8688
-6.56114
5.67804
3.17672
-10.4689
-52.5352
6.95474
5.55482
-52.5352
-1.72851
-3.85131
-4.03854
8.24757
3.17672
5.67804
68.9196
-14.9146
24.2326
-5.70056
-79.1226
-79.1226
-10.1365
-52.5352
-79.1226
-1.72851
-4.01012
68.9196
1.31404
-3.3255
-79.1226
6.95474
2.12881
5.67804
-79.1226
-17.0975
-4.03854
-79.1226
-0.234215
-52.5352
-8.43621
1.17145
6.08723
-3.37315
-85.602
10.8655
4.40401
-52.5352
10.8655
-52.5352
10.8688
-4.01012
0.0462651
-0.626832
-10.4689
-79.1226
68.9196
10.8688
-17.0975
-0.499359
-1.72851
-4.03854
-14.9146
-5.86762
0.395003
6.08723
68.9196
1.72321
-1.30968
-1.94784
-10.1365
-52.5352
-52.5352
1.41961
-0.679694
-17.0975
3.17672
-4.49561
68.9196
15.8782
-1.94784
-2.50551
15.8782
-52.5352
24.2326
1.31404
0.208392
-52.5352
68.9196
-52.5352
8.89972
-1.72851
-1.72851
-3.77175
-86.6139
2.85457
-52.5352
84.5037
-3.06188
86.8534
-79.1226
-52.5352
-1.43593
-17.0975
3.76143
24.2326
2.58282
-17.0975
-52.5352
-52.5352
7.5069
-14.9146
-2.25467
-17.0975
-5.15213
-52.5352
3.17672
-79.1226
-1.72851
8.89972
10.8655
-52.5352
24.2326
-2.56914
24.2326
15.8782
-14.9146
-52.5352
-2.32113
-4.03854
-5.86762
68.9196
-52.5352
68.9196
5.55482
24.2326
-14.9146
-2.84782
1.72321
5.55482
-52.5352
-0.521473
-83.731
-4.07609
8.89972
5.67804
-17.0975
3.95832
-83.731
15.8782
-52.5352
-52.5352
-1.94784
-1.72851
8.24757
-52.5352
0.0842281
10.8655
-83.731
-17.0975
2.40773
15.8782
-79.1226
-83.731
2.85457
-2.9369
-2.57982
15.8782
15.8782
-79.1226
68.9196
-14.9146
6.95474
15.8782
-17.0975
2.60804
10.8655
-52.5352
2.76787
2.4213
0.78524
6.70674
-52.5352
0.476153
-17.0975
4.80326
-52.5352
-52.5352
-3.52966
-5.70056
-2.50551
5.3848
3.17672
10.8688
10.8655
-79.1226
68.9196
-79.1226
-14.9146
-0.499359
6.70674
84.5037
-1.58472
-17.0975
6.95474
-87.6815
-6.80478
81.245
15.8782
4.80326
-2.50551
5.86532
-79.1226
-52.5352
24.2326
-0.679694
-2.36678
-2.84782
15.8782
-2.17961
3.17672
-10.1365
-14.9146
-3.28215
-14.9146
-8.43621
68.9196
-2.17961
24.2326
-14.9146
10.8655
-52.5352
15.8782
68.9196
10.8655
24.2326
1.4479
24.2326
5.67804
-14.9146
-52.5352
3.17672
-1.72851
-4.22235
-4.07609
-52.5352
-4.49561
6.08723
7.5069
-52.5352
8.89972
-86.6139
-2.50551
24.2326
1.72321
4.53903
1.31404
-10.4689
68.9196
24.2326
-52.5352
-10.4689
-4.81573
8.89972
-0.975735
2.21099
4.6536
10.8655
-1.72851
4.80326
68.9196
24.2326
-5.86762
-10.4689
-52.5352
3.35682
6.95474
81.245
-52.5352
-8.57166
-52.5352
1.41961
68.9196
-85.602
3.17672
6.95474
-52.5352
-52.5352
68.9196
-1.58472
-2.25467
-83.731
-10.4689
68.9196
-3.37315
10.8688
24.2326
-8.43621
0.741843
68.9196
68.9196
-3.85131
-8.43621
-52.5352
-52.5352
2.43211
5.67804
-1.88943
68.9196
-14.9146
-4.74961
3.17672
24.2326
-52.5352
-52.5352
-14.9146
-14.9146
-83.731
4.30295
-2.9369
-4.88537
24.2326
-52.5352
24.2326
8.89972
4.82413
5.3848
68.9196
-52.5352
24.2326
-3.3255
6.08723
68.9196
81.245
-3.22814
-2.64057
3.17672
-52.5352
-2.84782
-5.70056
-0.679694
68.9196
2.21099
-1.72851
81.245
-17.0975
-85.602
-5.19722
8.24757
-10.1365
-86.6139
-5.05241
-5.05241
3.95832
-87.2476
-10.1365
-0.505379
-10.4689
-52.5352
15.8782
3.17672
15.8782
-14.9146
-10.4689
-52.5352
68.9196
85.9974
-14.9146
-52.5352
-10.4689
68.9196
6.95474
3.6861
-2.9369
8.89972
8.24757
8.24757
68.9196
-1.72851
3.17672
-10.4689
1.31404
-6.56114
6.08723
-14.9146
-52.5352
-0.975735
-6.80478
-52.5352
1.12611
-79.1226
-52.5352
81.245
1.94336
3.35192
-3.03006
3.74774
-6.56114
-52.5352
-14.9146
5.86532
3.95832
-79.1226
24.2326
3.60106
-83.731
68.9196
-79.1226
-4.03854
10.8655
10.8688
-79.1226
-1.72851
-52.5352
-52.5352
1.72321
68.9196
6.95474
-2.50551
68.9196
5.86532
5.86532
-4.49561
1.72321
-4.03854
-83.731
-1.72851
-52.5352
-83.731
-17.0975
24.2326
-52.5352
-14.9146
85.9974
-52.5352
-83.731
-1.30968
-4.49561
-52.5352
1.31404
4.14316
2.97893
-52.5352
81.245
-3.28215
-17.0975
2.07357
-79.1226
6.70674
-4.49561
81.245
-3.02002
8.24757
-10.1365
68.9196
24.2326
-17.0975
5.5862
81.245
1.94336
-2.50551
10.8655
81.245
81.245
1.12611
-6.60518
-52.5352
68.9196
-10.4689
1.31404
2.33389
-10.1365
-2.84782
-1.72851
-5.86762
-52.5352
-52.5352
-83.731
4.80326
6.95474
15.8782
-79.1226
-52.5352
-5.86762
8.24757
-52.5352
-52.5352
-52.5352
-52.5352
-79.1226
5.10854
-2.84782
-87.2476
86.8534
-1.88943
-2.84782
1.72321
-5.70056
-4.49561
-52.5352
68.9196
-4.03854
5.10854
-2.84782
-52.5352
-14.9146
-8.43621
15.8782
-3.39209
-10.1365
-10.4689
8.89972
-14.9146
-5.86762
0.78524
15.8782
3.17672
4.40481
81.245
10.8655
3.17672
-8.43621
-83.731
5.3848
-79.1226
-52.5352
-0.975735
-52.5352
24.2326
-2.57982
-0.054786
-79.1226
-1.72851
5.86532
1.72321
15.8782
2.76787
5.67804
3.76143
3.17672
-85.602
-79.1226
6.95474
-52.5352
-52.5352
5.10854
0.150228
-3.95182
-52.5352
-1.72851
-52.5352
5.86532
-8.43621
-5.70056
24.2326
0.208392
15.8782
-52.5352
0.934813
1.72321
-52.5352
-5.19722
-8.43621
5.67804
-52.5352
6.70674
68.9196
-1.72851
-52.5352
-0.850341
-14.9146
84.5037
5.10854
-85.602
24.2326
-52.5352
-52.5352
-8.43621
0.828242
24.2326
68.9196
15.8782
4.14316
-0.521473
10.8655
2.85457
1.72321
0.934813
-14.9146
5.10854
81.245
-1.72851
-4.49561
24.2326
81.245
-8.43621
-88.4262
5.67804
-52.5352
-8.57166
-4.88537
-52.5352
-4.03854
-2.25467
-14.9146
-2.50551
-14.9146
-85.602
-52.5352
-14.9146
-17.0975
-10.4689
1.31404
-3.95182
1.41961
4.03562
-52.5352
-0.054786
-17.0975
-52.5352
4.6536
-5.05241
-52.5352
-1.72851
-14.9146
6.95474
1.31404
6.70674
10.8688
3.17672
-83.731
-52.5352
-10.4689
-52.5352
-8.43621
-8.43621
0.0842281
-5.15213
1.72321
-10.4689
-2.84782
-6.80478
3.95832
-8.43621
-14.9146
10.8655
-8.57166
-1.94784
10.8655
0.604681
-4.01012
-86.6139
-14.9146
6.95474
81.245
-52.5352
-52.5352
-3.85131
6.70674
-79.1226
-5.15213
3.17672
-4.01012
-79.1226
-52.5352
-0.234215
-4.07609
2.12881
-10.4689
-2.50551
86.8534
3.33474
-5.19722
-17.0975
-52.5352
8.24757
-52.5352
-52.5352
81.245
8.89972
1.72321
-79.1226
-6.88765
-52.5352
1.72321
-1.72851
0.966465
-85.602
1.72321
-8.43621
24.2326
15.8782
-52.5352
1.72321
5.86532
68.9196
5.55482
-52.5352
-2.57982
-1.32899
7.5069
10.8655
-6.60518
5.10854
-8.43621
-17.0975
-52.5352
15.8782
-8.43621
10.8688
-52.5352
-52.5352
15.8782
8.89972
4.82413
-8.57166
10.8688
-14.9146
5.3848
-52.5352
7.5069
-3.76334
3.04611
8.24757
-52.5352
2.2098
81.245
-2.29168
3.17672
3.17672
-52.5352
-52.5352
-52.5352
0.0462651
-8.57166
1.41961
-52.5352
6.08723
0.828242
68.9196
1.31404
-17.0975
-8.43621
3.61972
-2.56914
81.245
-1.98544
-79.1226
-2.50551
-52.5352
8.24757
-2.84782
-52.5352
-79.1226
4.6536
-3.39209
1.31404
-52.5352
84.5037
3.60106
15.8782
-52.5352
68.9196
-83.731
24.2326
5.67804
8.89972
-14.9146
-83.731
-0.054786
68.9196
-4.03854
10.8655
3.17672
-17.0975
81.245
-6.80478
-14.9146
3.17672
6.95474
-6.80478
-5.70056
2.58282
24.2326
-1.72851
8.89972
-79.1226
5.86532
-52.5352
-1.20646
-52.5352
-2.9369
0.395003
4.6536
-6.80478
7.5069
-10.1365
-79.1226
5.55482
10.8688
-3.28215
-4.22235
24.2326
15.8782
-3.76334
-52.5352
10.8688
-6.88765
-2.50551
-0.975735
-83.731
-52.5352
-83.731
-2.84782
-2.56914
5.86532
-2.17961
-52.5352
3.74774
5.86532
-52.5352
-52.5352
6.08723
6.08723
68.9196
-52.5352
-1.94784
24.2326
-0.679694
-2.9369
-6.56114
-8.43621
5.67804
-83.731
-5.05241
3.17672
-14.9146
-87.6815
-52.5352
2.58282
-83.731
-2.17961
-1.72851
-52.5352
-17.0975
-1.72851
-0.054786
-52.5352
81.245
2.58282
-1.32899
2.21099
3.17672
-4.81573
1.72321
-2.84782
-5.19722
-52.5352
-10.4689
3.17672
4.82413
4.80326
-4.03854
-8.43621
-52.5352
-14.9146
-4.03854
-10.1365
15.8782
68.9196
3.04611
10.8688
-83.731
-52.5352
-0.521473
-14.9146
-86.6139
-52.5352
4.40401
-52.5352
-85.602
6.08723
-5.86762
-14.9146
-0.679694
-5.05241
5.55482
-5.15213
3.17672
2.43211
5.10854
-52.5352
-79.1226
-2.25467
-4.74961
-4.22235
-3.64293
-52.5352
-1.94784
68.9196
-4.07609
-3.85131
-17.0975
1.72321
-6.80478
-79.1226
5.86532
-17.0975
-79.1226
68.9196
15.8782
-8.43621
24.2326
5.67804
-52.5352
-79.1226
-10.1365
-3.37315
1.31404
-17.0975
-17.0975
6.70674
6.95474
-4.03854
4.82413
-14.9146
-17.0975
-52.5352
8.89972
-83.731
68.9196
-0.499359
7.5069
-79.1226
-1.72851
-4.26756
24.2326
-2.84782
-14.9146
24.2326
-52.5352
-3.64293
-6.60518
-6.60518
8.24757
-6.88765
-2.9369
8.89972
10.8655
3.95832
2.43211
-8.43621
3.17672
-52.5352
-79.1226
15.8782
-2.50551
5.67804
3.17672
-1.72851
-5.70056
81.245
-14.9146
81.245
-52.5352
-1.48225
0.604681
68.9196
2.21099
-14.9146
24.2326
-14.9146
-79.1226
-17.0975
81.245
-17.0975
84.5037
-3.95182
-0.975735
-52.5352
84.5037
-52.5352
1.17145
-0.975735
-83.731
3.17672
-52.5352
-2.50551
68.9196
-17.0975
-52.5352
-14.9146
81.245
-17.0975
-52.5352
1.94336
2.12881
-10.4689
-10.4689
0.0462651
-83.731
3.04611
5.67804
24.2326
-0.975735
2.21099
-14.9146
6.70674
10.8688
81.245
-14.9146
-79.1226
-0.073823
-79.1226
5.10854
4.80326
85.9974
-52.5352
-52.5352
-8.43621
-83.731
4.30295
5.10854
-52.5352
81.245
24.2326
-87.9974
3.37533
-2.84782
15.8782
-0.975735
15.8782
-83.731
8.89972
24.2326
-52.5352
-3.95182
-52.5352
-52.5352
-52.5352
10.8688
-83.731
-52.5352
-2.50551
-52.5352
-8.43621
4.40401
-52.5352
-52.5352
5.86532
-83.731
68.9196
-4.03854
-52.5352
-0.866654
-2.14701
-0.505379
68.9196
-0.975735
-0.975735
-4.03854
15.8782
4.40401
3.17672
-52.5352
-6.60518
4.53903
-17.0975
4.14316
2.29864
68.9196
-79.1226
-14.9146
24.2326
81.245
-52.5352
-3.95182
-0.975735
-52.5352
-2.84782
15.8782
-86.6139
3.17672
-79.1226
24.2326
-52.5352
-79.1226
-1.10717
5.10854
-14.9146
6.95474
-0.505379
-0.499359
-4.74961
-83.731
24.2326
-4.88537
3.17672
-52.5352
-1.12552
-52.5352
15.8782
-52.5352
4.40481
24.2326
1.72321
5.86532
5.86532
5.10854
2.21099
2.12881
10.8655
10.8688
-14.9146
2.43211
-1.72851
-14.9146
-17.0975
-3.40961
7.5069
-52.5352
10.8688
2.12881
-52.5352
3.17672
68.9196
68.9196
10.8655
3.17672
-1.22197
-1.72851
-14.9146
-4.03854
-83.731
-0.119865
1.67097
-52.5352
5.55482
-52.5352
-52.5352
15.8782
-52.5352
5.67804
84.5037
3.57418
-52.5352
5.10854
3.14771
-8.43621
0.604681
-79.1226
4.80326
-2.50551
-52.5352
1.31404
-52.5352
-79.1226
-85.602
-52.5352
-2.50551
24.2326
68.9196
0.395003
6.08723
1.94336
2.12881
1.72321
-14.9146
-1.72851
-4.03854
-83.731
-83.731
-52.5352
10.8688
-17.0975
5.67804
-14.9146
-2.32113
2.12881
-4.03854
0.828242
-17.0975
-1.72851
1.12611
68.9196
-52.5352
-52.5352
-17.0975
-52.5352
-10.1365
-14.9146
10.8655
-52.5352
-79.1226
3.17672
1.94336
-52.5352
3.74774
-6.60518
68.9196
-52.5352
-4.22235
-52.5352
-2.84782
-79.1226
-52.5352
4.18524
68.9196
1.12611
-14.9146
-2.25467
-14.9146
-1.94784
5.5862
4.6536
15.8782
84.5037
-52.5352
-0.975735
-4.49561
-5.86762
-14.9146
-3.09434
-3.22814
-0.054786
-1.98544
-86.6139
-14.9146
81.245
-8.57166
-17.0975
-52.5352
-10.4689
4.80326
8.89972
-79.1226
68.9196
3.17672
2.43211
-79.1226
-79.1226
-52.5352
24.2326
-52.5352
8.24757
2.76787
-52.5352
-83.731
-2.84782
-17.0975
-4.0961
0.0462651
-52.5352
4.80326
-2.54534
-52.5352
10.8688
2.43211
4.80326
10.8688
1.72321
-52.5352
-5.15213
-0.355814
10.8688
-1.72851
-17.0975
-2.9369
5.67804
-52.5352
-1.72851
-8.43621
68.9196
68.9196
-8.43621
85.9974
3.17672
-3.77175
-52.5352
15.8782
-3.37315
81.245
5.86532
-52.5352
-1.72851
-0.679694
5.67804
-4.03854
-1.98544
10.8655
68.9196
-4.81573
-0.975735
10.8655
84.5037
68.9196
-79.1226
-2.50551
3.17672
4.30295
-52.5352
-83.731
-86.6139
-5.70056
-79.1226
-79.1226
-1.42697
7.5069
-14.9146
10.8655
-6.60518
68.9196
68.9196
3.17672
-3.37315
-14.9146
2.65432
2.12881
86.8534
-8.43621
-52.5352
24.2326
2.21099
-52.5352
1.72321
-52.5352
-6.80478
-52.5352
3.04611
8.24757
3.17672
4.53903
2.12881
6.70674
-14.9146
-4.74961
-0.975735
24.2326
-87.2476
-3.37315
-52.5352
8.24757
-2.56914
-52.5352
2.21099
-3.85131
-79.1226
-8.43621
-5.86762
68.9196
1.72321
-1.72851
-52.5352
68.9196
6.70674
-8.57166
15.8782
-14.9146
68.9196
-1.72851
3.6861
10.8688
0.0842281
-5.86762
-2.14701
-79.1226
-4.03854
24.2326
3.17672
0.934813
-17.0975
-0.499359
5.3848
-52.5352
68.9196
-0.975735
10.8688
24.2326
-52.5352
-52.5352
1.72321
-79.1226
1.72321
-83.731
5.86532
5.67804
6.08723
-52.5352
-52.5352
81.245
-0.975735
-1.43699
-83.731
-14.9146
-14.9146
3.17672
-52.5352
5.3848
-3.85131
68.9196
-52.5352
24.2326
6.95474
-79.1226
-3.71629
-17.0975
5.67804
0.934813
-8.43621
3.17672
10.8655
-4.03854
1.72321
68.9196
-52.5352
-3.71629
-14.9146
-10.4689
3.60106
-10.4689
1.31404
-5.86762
8.24757
-0.679694
-52.5352
-83.731
-14.9146
-2.46123
-17.0975
-4.49561
1.31404
81.245
-3.37315
0.828242
1.72321
-87.9974
24.2326
68.9196
68.9196
-52.5352
-52.5352
-83.731
-52.5352
-10.1365
-10.4689
1.94336
-52.5352
24.2326
-6.80478
-52.5352
1.31404
1.31404
-85.602
-17.0975
4.6536
-17.0975
-0.679694
-3.85131
4.6536
-52.5352
-52.5352
68.9196
5.10854
-2.56914
-2.18389
2.58282
-14.9146
-1.72851
-2.17961
68.9196
-6.88765
3.95832
-10.4689
3.17672
-79.1226
-2.79987
-14.9146
3.37533
68.9196
1.41961
-3.85131
-1.12552
-0.499359
-79.1226
3.14771
-3.95182
-52.5352
-17.0975
8.89972
-8.43621
-17.0975
-79.1226
8.24757
8.24757
68.9196
-52.5352
-52.5352
3.17672
-1.98544
2.37773
24.2326
10.8688
-6.60518
1.67097
-10.1365
-14.9146
-10.4689
-1.72851
-17.0975
-5.05241
-52.5352
2.97893
-14.9146
-4.03854
10.8688
81.245
7.5069
0.604681
-79.1226
-2.9369
4.80326
5.67804
-83.731
6.08723
-83.731
-52.5352
6.95474
68.9196
-79.1226
68.9196
-52.5352
68.9196
68.9196
6.08723
-52.5352
-79.1226
-14.9146
-2.75752
-4.03854
-4.03854
-52.5352
-83.731
68.9196
10.8655
24.2326
68.9196
-17.0975
-0.850341
-14.9146
-52.5352
-52.5352
-52.5352
-1.72851
1.72321
-52.5352
-52.5352
-10.4689
-8.43621
10.8688
-87.2476
-10.4689
-3.95182
-2.9369
81.245
8.89972
-17.0975
1.59064
-8.43621
-4.03854
68.9196
10.8688
-4.49561
15.8782
8.89972
-14.9146
15.8782
-52.5352
-0.499359
15.8782
-52.5352
1.94336
-87.6815
3.32561
-14.9146
2.21099
-52.5352
-87.6815
1.31404
-79.1226
1.31404
-52.5352
-52.5352
-8.43621
15.8782
-8.57166
-6.56114
-52.5352
5.67804
-79.1226
24.2326
-4.01012
-1.72851
-1.72851
-10.1365
-2.17961
-79.1226
5.10854
68.9196
-79.1226
81.245
0.488117
-52.5352
-14.9146
2.07357
68.9196
-52.5352
3.70245
-3.04245
-52.5352
6.08723
-6.88765
-6.56114
-79.1226
0.937182
-10.4689
0.0462651
2.12881
-79.1226
68.9196
-79.1226
3.74774
-2.22896
15.8782
4.14316
-52.5352
1.4479
68.9196
10.8655
81.245
3.17672
-17.0975
3.61972
84.5037
24.2326
-8.57166
81.245
15.8782
-52.5352
8.24757
8.89972
-2.17961
10.8655
-79.1226
-52.5352
4.80326
24.2326
3.17672
-52.5352
-5.86762
10.8655
-14.9146
-1.72851
-10.4689
15.8782
68.9196
2.21099
6.70674
-6.80478
-86.6139
-17.0975
2.58282
-17.0975
-1.49232
1.72321
-1.72851
-3.03006
-4.03854
-4.49561
3.17672
-1.72851
-1.13451
24.2326
6.08723
8.89972
1.56249
-79.1226
68.9196
-79.1226
85.9974
-52.5352
-52.5352
-79.1226
3.17672
-79.1226
-52.5352
-2.02861
0.966465
-6.56114
-17.0975
-6.56114
87.408
68.9196
5.67804
-17.0975
-79.1226
-1.94784
-52.5352
0.966465
6.95474
-52.5352
5.67804
-2.14701
-3.71629
68.9196
-52.5352
68.9196
81.245
-52.5352
-4.81573
-5.19722
-4.03854
-52.5352
-3.37315
-1.72851
-3.37315
-8.43621
-4.03854
15.8782
-52.5352
68.9196
-6.56114
10.8655
81.245
1.72321
-52.5352
8.89972
-2.56914
-3.39209
3.17672
-1.88943
-10.1365
-2.17961
-52.5352
0.395003
15.8782
3.37533
2.21099
-1.32899
68.9196
-4.03854
-52.5352
-52.5352
2.12881
-79.1226
-79.1226
-14.9146
5.67804
-0.535498
-52.5352
-83.731
-10.1365
-10.1365
-4.03854
-1.72851
-1.72851
1.31404
-3.95182
-52.5352
-52.5352
-4.22235
-2.50551
4.30295
3.32561
85.9974
15.8782
6.70674
-5.86762
1.72321
-1.43699
-0.423003
-8.57166
3.17672
-0.679694
-1.76497
-14.9146
-5.86762
68.9196
-5.86762
0.828242
7.5069
-52.5352
8.24757
-0.499359
68.9196
0.641353
8.24757
4.40481
15.8782
81.245
-10.4689
4.80326
10.8655
-3.39209
8.24757
4.30295
6.08723
0.549803
24.2326
5.67804
88.0837
68.9196
68.9196
-52.5352
-10.4689
10.8655
-14.9146
0.395003
3.32561
86.8534
-83.731
-1.72851
-10.1365
68.9196
4.80326
-52.5352
-14.9146
68.9196
1.94336
24.2326
-10.4689
-52.5352
0.0842281
-3.09434
68.9196
-52.5352
24.2326
-8.43621
10.8688
6.95474
24.2326
-10.1365
5.55482
2.58282
10.8688
-3.85131
7.5069
-6.60518
1.14536
-85.602
-2.84782
-14.9146
-1.72851
-86.6139
-6.60518
1.31404
2.76787
-1.72851
-79.1226
-83.731
-14.9146
-0.975735
24.2326
3.33474
-0.863054
1.75659
8.24757
-3.64293
-79.1226
-2.89137
24.2326
-4.49561
-1.72851
24.2326
-14.9146
85.9974
-4.03854
0.334116
-2.50551
3.32561
-2.84782
3.60106
2.43211
-52.5352
-4.49561
-85.602
-86.6139
6.95474
0.966465
1.94336
1.72321
-1.98544
-14.9146
24.2326
-4.22235
-52.5352
-85.602
4.03562
-0.505379
2.21099
81.245
-52.5352
-3.39209
24.2326
-52.5352
15.8782
-3.85131
-52.5352
68.9196
1.72321
4.80326
3.17672
-17.0975
-5.05241
-52.5352
-4.22235
-0.975735
15.8782
2.43211
10.8655
3.17672
-79.1226
81.245
-1.20646
-14.9146
15.8782
-52.5352
-83.731
1.41961
-52.5352
-14.9146
-3.76334
0.604681
88.3047
4.80326
-52.5352
15.8782
-6.88765
84.5037
-87.9974
68.9196
-79.1226
1.94336
-2.84782
2.21099
-17.0975
8.89972
-52.5352
68.9196
7.5069
-52.5352
24.2326
-10.4689
-1.72851
6.08723
3.17672
-79.1226
-14.9146
-86.6139
-2.02861
-2.50551
-3.64293
-3.3255
-83.731
-14.9146
3.95832
-1.94784
-5.86762
-8.43621
3.32561
-1.72851
68.9196
68.9196
-52.5352
81.245
-1.32899
-14.9146
-17.0975
10.8655
-52.5352
6.95474
-1.72851
81.245
-4.01012
-6.88765
-52.5352
-1.30968
3.17672
68.9196
-52.5352
-79.1226
15.8782
-17.0975
-52.5352
-87.2476
-87.2476
0.0842281
-0.499359
1.59064
68.9196
10.8655
-4.03854
-6.88765
15.8782
68.9196
-1.20646
0.395003
3.17672
-10.1365
-3.37315
-52.5352
-52.5352
-10.1365
-5.86762
3.17672
81.245
81.245
24.2326
3.17672
-79.1226
-83.731
-8.43621
-1.72851
-14.9146
8.89972
68.9196
-17.0975
-52.5352
4.82413
8.24757
-52.5352
-8.43621
-1.72851
15.8782
-0.054786
1.31404
1.31404
-4.07609
-17.0975
85.9974
-52.5352
2.45649
-87.2476
-52.5352
-5.86762
81.245
-4.03854
-1.72851
4.40401
-3.85131
1.31404
-5.70056
-10.1365
81.245
-52.5352
7.5069
-79.1226
-52.5352
-79.1226
-83.731
0.741843
-79.1226
15.8782
-10.4689
24.2326
-8.43621
-1.94784
5.5862
-52.5352
-14.9146
-1.72851
68.9196
-8.57166
6.08723
-14.9146
68.9196
10.8655
-3.52966
-52.5352
10.8655
-1.30968
-17.0975
-14.9146
0.934813
8.89972
-2.46123
2.43211
8.24757
-1.72851
-52.5352
-5.86762
4.03562
10.8688
-1.76497
-52.5352
-52.5352
8.24757
-10.1365
-83.731
3.60106
-0.975735
68.9196
7.5069
-3.77175
86.8534
85.9974
-52.5352
-14.9146
10.8688
-52.5352
-1.72851
81.245
24.2326
-52.5352
1.72321
-2.29168
-79.1226
-10.1365
-79.1226
-52.5352
2.4747
-52.5352
-3.85131
-4.03854
1.75659
-4.0961
1.32589
68.9196
-52.5352
3.17672
-10.4689
-2.17961
-3.04245
-17.0975
-52.5352
-14.9146
-3.40961
2.43211
-52.5352
-52.5352
5.5862
-8.43621
-10.1365
-0.975735
2.02719
-52.5352
-2.64057
-79.1226
0.233252
-4.88537
-52.5352
2.43211
-14.9146
-17.0975
-52.5352
10.8655
-8.57166
-52.5352
3.17672
68.9196
84.5037
8.24757
-52.5352
8.24757
-52.5352
4.03562
-52.5352
-5.15213
68.9196
-1.72851
-2.84782
-14.9146
-8.57166
-1.72851
1.75659
15.8782
10.8688
-52.5352
-14.9146
7.5069
-2.84782
-79.1226
-0.137107
-6.80478
-8.57166
-14.9146
-0.850341
-52.5352
-14.9146
-5.86762
-0.355814
-52.5352
-52.5352
-2.50551
10.8688
-14.9146
-52.5352
-52.5352
-52.5352
-2.17961
-4.01012
15.8782
-52.5352
-6.56114
-14.9146
6.70674
-79.1226
-87.2476
-17.0975
-52.5352
1.89899
-3.85131
3.6861
-4.0961
-83.731
0.395003
-4.49561
-14.9146
-2.50551
5.55482
-17.0975
-0.137295
81.245
-79.1226
-14.9146
-2.50551
-52.5352
86.8534
68.9196
68.9196
-52.5352
-79.1226
2.37773
-0.975735
-52.5352
-6.80478
-0.975735
-17.0975
-10.1365
5.86532
-52.5352
24.2326
5.3848
10.8655
-79.1226
-52.5352
-2.56914
-10.4689
2.21099
-79.1226
81.245
-3.37315
-52.5352
-10.1365
2.12881
3.17672
3.17672
-6.80478
-83.731
-0.499359
-17.0975
-4.88537
-2.9369
-52.5352
-79.1226
3.17672
6.08723
3.6861
2.21413
-52.5352
24.2326
-14.9146
-52.5352
5.67804
3.17672
-1.72851
15.8782
-79.1226
1.31404
3.17672
-1.72851
-17.0975
5.67804
-0.499359
24.2326
1.31404
10.8655
-79.1226
6.95474
24.2326
5.3848
-4.03854
1.72321
3.17672
68.9196
-52.5352
68.9196
5.55482
-14.9146
81.245
-52.5352
6.08723
-5.70056
-79.1226
-5.05241
6.08723
-6.56114
-52.5352
-52.5352
3.95832
7.5069
-52.5352
-52.5352
-52.5352
-3.49043
-1.72851
-79.1226
-52.5352
-79.1226
-10.1365
2.12881
0.641353
68.9196
-0.521473
-52.5352
68.9196
-52.5352
-10.1365
-52.5352
-3.37315
3.95832
-6.88765
-85.602
-8.57166
24.2326
85.9974
-52.5352
-52.5352
-10.1365
1.72321
-52.5352
6.70674
-85.602
81.245
-4.49561
10.8688
84.5037
0.828242
5.10854
-52.5352
-6.60518
-4.74961
2.58282
-52.5352
-52.5352
3.17672
68.9196
-79.1226
-5.70056
-14.9146
10.8688
68.9196
-2.84782
-14.9146
-10.1365
81.245
3.35192
-2.50551
-6.56114
0.392685
10.8688
3.06506
-6.60518
-3.37315
-79.1226
10.8688
68.9196
-0.254973
-52.5352
-1.28633
6.08723
-87.2476
-52.5352
68.9196
-52.5352
3.17672
3.6861
-2.02861
-79.1226
-2.9369
-6.60518
24.2326
-52.5352
1.63261
-79.1226
68.9196
4.80326
24.2326
-79.1226
10.8655
-14.9146
24.2326
-3.85131
3.17672
84.5037
1.41961
-83.731
15.8782
-4.03854
68.9196
-10.1365
-83.731
-79.1226
3.14771
-79.1226
3.17672
5.10854
24.2326
-2.14701
-1.20646
24.2326
86.8534
15.8782
1.94336
-52.5352
-52.5352
2.43211
5.67804
-79.1226
-2.25467
8.89972
68.9196
3.95832
-14.9146
-79.1226
24.2326
5.10854
-52.5352
81.245
5.10854
-2.84782
-1.94784
-52.5352
1.31404
-52.5352
-52.5352
-5.15213
-79.1226
81.245
24.2326
-5.15213
-14.9146
-10.4689
-85.602
-2.84782
-79.1226
5.67804
24.2326
4.53903
24.2326
3.17672
-2.50551
-83.731
2.12881
-6.88765
-8.43621
10.8655
2.21099
1.75659
3.17672
2.16476
-2.50551
-52.5352
3.61972
5.86532
-1.72851
24.2326
3.35682
-52.5352
10.8655
-6.56114
-2.66504
-52.5352
-17.0975
-10.4689
81.245
10.8655
81.245
1.72321
1.63261
-52.5352
2.21099
68.9196
-14.9146
15.8782
-2.43482
-0.975735
-1.30968
-52.5352
-1.72851
4.53903
-52.5352
-52.5352
-5.86762
-2.18389
3.95832
68.9196
-2.50551
-0.850341
-52.5352
-14.9146
0.0462651
-52.5352
10.8688
-52.5352
84.5037
81.245
-14.9146
-2.50551
-5.19722
-52.5352
-1.94784
-52.5352
-52.5352
5.3848
-6.56114
-83.731
68.9196
-3.76334
81.245
-10.1365
-3.85131
-52.5352
-14.9146
-17.0975
-17.0975
24.2326
1.72321
-0.679694
-17.0975
-52.5352
0.934813
-2.17961
-52.5352
24.2326
-14.9146
-8.43621
-6.60518
-79.1226
-4.88537
-52.5352
-17.0975
24.2326
-52.5352
-79.1226
24.2326
-0.975735
-1.72851
-17.0975
81.245
-83.731
-86.6139
-79.1226
-52.5352
-5.05241
3.17672
85.9974
-4.88537
-52.5352
-1.20646
-8.43621
-79.1226
2.34168
-2.56914
-52.5352
-1.72851
6.70674
3.17672
-52.5352
-5.86762
-83.731
5.67804
24.2326
-52.5352
81.245
7.5069
-5.86762
-2.50551
-4.74961
-10.4689
-10.1365
84.5037
7.5069
6.70674
15.8782
-1.94784
-0.054786
-79.1226
68.9196
-14.9146
15.8782
-1.72851
24.2326
4.82413
-1.30968
24.2326
3.33474
4.30295
-52.5352
24.2326
-8.43621
81.245
15.8782
-17.0975
6.70674
-2.50551
-5.05241
-2.56914
15.8782
-52.5352
-10.1365
24.2326
4.18524
-2.50551
-52.5352
2.74174
-4.49561
-52.5352
10.8688
68.9196
-6.88765
3.04611
-52.5352
4.03562
-79.1226
-52.5352
-4.03854
-14.9146
2.74254
7.5069
85.9974
15.8782
-2.50551
-8.43621
-17.0975
5.86532
-52.5352
-4.03854
-52.5352
-52.5352
81.245
-52.5352
10.8655
-52.5352
68.9196
1.59064
-52.5352
7.5069
2.10996
-52.5352
15.8782
-52.5352
-17.0975
24.2326
2.21099
-17.0975
-4.74961
15.8782
-3.85131
7.5069
5.10854
-10.4689
10.8655
-14.9146
-14.9146
-79.1226
0.86126
1.72321
-4.07609
-52.5352
-2.17961
-1.48225
15.8782
24.2326
-14.9146
10.8655
3.32561
24.2326
81.245
-3.3255
3.37533
-8.43621
-4.74961
-2.84782
8.89972
-5.86762
-10.1365
-85.602
24.2326
4.82413
7.5069
-3.64293
-8.43621
-10.1365
4.30295
4.03562
-17.0975
68.9196
1.12611
-2.17961
15.8782
-4.49561
4.14316
-10.4689
-52.5352
-1.75295
-52.5352
-1.72851
-6.80478
-79.1226
-5.86762
-1.72851
-10.1365
10.8655
-14.9146
-1.72851
-79.1226
24.2326
-5.86762
-52.5352
6.95474
-1.28633
24.2326
-86.6139
5.5862
-79.1226
-17.0975
68.9196
-8.57166
10.8655
3.17672
2.43211
10.8688
-3.76334
-17.0975
8.24757
-14.9146
-17.0975
15.8782
15.8782
-52.5352
-1.72851
-79.1226
2.58282
-10.1365
87.408
2.12881
10.8688
-52.5352
-0.679694
87.408
68.9196
-3.95182
-3.64293
-83.731
81.245
24.2326
4.40481
-85.602
68.9196
-52.5352
2.49537
24.2326
-83.731
-6.56114
-79.1226
10.8688
-52.5352
68.9196
3.17672
-14.9146
68.9196
0.604681
68.9196
5.86532
-1.28633
-52.5352
3.33474
-52.5352
-10.4689
-79.1226
68.9196
3.70245
-52.5352
-85.602
-52.5352
10.8655
-52.5352
5.67804
-14.9146
-14.9146
24.2326
-2.50551
-5.19722
-1.98544
3.95832
-52.5352
-8.43621
84.5037
3.17672
-1.72851
-85.602
15.8782
68.9196
-52.5352
3.17672
-14.9146
0.934813
3.17672
-79.1226
68.9196
-1.94784
-52.5352
68.9196
-10.1365
-52.5352
-52.5352
15.8782
68.9196
68.9196
24.2326
1.48188
-79.1226
-52.5352
-1.02527
-79.1226
-52.5352
-5.86762
1.94336
-52.5352
-85.602
24.2326
5.5862
2.21099
8.89972
24.2326
4.40401
7.5069
-14.9146
-52.5352
68.9196
-6.88765
3.57418
-1.72851
5.67804
68.9196
10.8688
-2.50551
10.8688
-3.39209
-0.850341
5.67804
24.2326
-0.975735
-4.01012
1.72321
68.9196
-0.679694
-6.88765
2.45649
-52.5352
81.245
-3.03006
0.641353
3.17672
0.828242
84.5037
-0.679694
-83.731
15.8782
8.89972
-52.5352
-1.72851
-14.9146
5.3848
-14.9146
3.17672
-6.80478
24.2326
2.21099
-0.975735
-4.03854
-52.5352
-79.1226
-52.5352
-8.57166
8.24757
15.8782
68.9196
24.2326
-52.5352
68.9196
6.08723
-2.9369
-10.4689
1.17145
-1.94784
1.94336
-1.72851
2.12881
-52.5352
3.37533
81.245
24.2326
-8.43621
-52.5352
-6.60518
-83.731
5.86532
3.14771
-8.43621
-52.5352
-52.5352
-4.88537
-2.18389
4.6536
-52.5352
24.2326
1.41961
-1.94784
-17.0975
-14.9146
81.245
-52.5352
-14.9146
-52.5352
-52.5352
-2.14701
10.8655
24.2326
-52.5352
-2.9369
-52.5352
-1.72851
-83.731
-52.5352
2.58282
-52.5352
-14.9146
-3.76334
4.40481
-14.9146
15.8782
-14.9146
-2.94595
3.95832
5.86532
-2.50551
15.8782
4.03562
-10.4689
-10.1365
-52.5352
2.43211
24.2326
81.245
10.8655
-1.72851
-10.4689
-0.850341
-1.72851
3.17672
15.8782
-52.5352
3.70245
24.2326
-52.5352
-87.6815
-52.5352
-0.975735
-0.307044
24.2326
-4.01012
-14.9146
-14.9146
1.72321
68.9196
-2.84782
68.9196
-3.85131
0.0842281
24.2326
84.5037
-2.84782
10.8688
-0.073823
84.5037
-1.48225
-17.0975
4.6536
-14.9146
4.80326
15.8782
81.245
2.34168
2.12881
-1.72851
-1.12552
1.72321
-87.2476
-52.5352
8.89972
-10.4689
5.10854
-79.1226
0.437632
-52.5352
81.245
-10.1365
-6.60518
10.8688
10.8688
24.2326
-79.1226
-2.84782
-0.119865
68.9196
-85.602
-8.57166
-14.9146
4.30295
-2.56914
8.24757
-85.602
2.21099
10.8655
3.17672
-79.1226
2.21099
-52.5352
81.245
-83.731
10.8655
15.8782
-52.5352
-79.1226
1.63261
-79.1226
1.72321
10.8688
-1.94784
-0.505379
-6.60518
-14.9146
15.8782
6.95474
-79.1226
4.80326
24.2326
6.95474
24.2326
-8.43621
81.245
8.89972
-4.49561
8.89972
-17.0975
15.8782
68.9196
-0.054786
10.8688
2.85457
81.245
8.24757
2.58282
8.89972
5.3848
-17.0975
-4.88537
10.8688
84.5037
-5.05241
-6.56114
68.9196
-3.37315
2.98756
24.2326
-79.1226
24.2326
-2.50551
15.8782
-3.06188
10.8655
-1.30968
10.8688
81.245
24.2326
-52.5352
8.89972
-8.43621
10.8688
3.6861
-52.5352
10.8655
-52.5352
-52.5352
2.43211
4.18524
15.8782
-52.5352
-8.43621
68.9196
-4.26756
1.72321
2.58282
-6.88765
2.12881
84.5037
68.9196
3.37533
24.2326
1.94336
-0.505379
15.8782
0.567194
-0.975735
-83.731
-17.0975
68.9196
1.31404
-2.56914
10.8688
24.2326
-0.725721
10.8655
-14.9146
-5.86762
-17.0975
-1.72851
0.0842281
-17.0975
-2.79987
-6.60518
3.76143
10.8655
-52.5352
-79.1226
-4.03854
3.17672
-4.03854
-14.9146
2.21099
-52.5352
3.17672
0.934813
4.80326
3.17672
15.8782
-52.5352
1.17145
-83.731
-0.054786
81.245
-52.5352
-14.9146
-52.5352
3.17672
-52.5352
-52.5352
-6.60518
1.41961
-14.9146
4.30295
-6.56114
3.70245
0.0462651
24.2326
-1.72851
-79.1226
24.2326
81.245
5.10854
-52.5352
-14.9146
-1.91017
-79.1226
-0.863054
-83.731
-52.5352
1.75659
84.5037
-14.9146
-1.94784
-4.01012
-0.679694
-0.679694
3.37533
-0.054786
24.2326
81.245
5.10854
-4.03854
8.89972
3.61972
0.0462651
3.14771
3.95832
-2.89137
68.9196
0.395003
-14.9146
-1.12552
-52.5352
-3.64293
-10.1365
68.9196
1.94336
2.26543
-2.17961
-52.5352
10.8655
24.2326
-10.4689
3.33474
-17.0975
-83.731
3.17672
-3.03006
1.31404
15.8782
3.17672
-1.94784
-4.03854
-2.02861
-17.0975
-87.9974
4.03562
0.395003
-52.5352
-52.5352
-1.49232
-10.4689
-2.84782
-52.5352
-87.2476
-79.1226
-83.731
-79.1226
5.86532
8.24757
-2.64057
-8.43621
10.8688
24.2326
24.2326
81.245
1.00673
-14.9146
-3.52966
-3.22814
8.89972
3.17672
-3.37315
68.9196
15.8782
3.70245
-87.2476
24.2326
-52.5352
-2.02861
4.80326
10.8655
15.8782
6.95474
-14.9146
3.17672
-2.84782
3.6861
81.245
2.12881
-83.731
-2.84782
3.17672
3.17672
-52.5352
81.245
-0.975735
-4.81573
8.89972
-79.1226
-52.5352
-52.5352
-5.86762
5.67804
2.57374
10.8688
86.8534
-52.5352
4.30295
5.55482
-52.5352
-14.9146
-1.72851
68.9196
68.9196
24.2326
-52.5352
-52.5352
-14.9146
3.17672
-79.1226
-52.5352
-14.9146
-0.975735
15.8782
-87.2476
-8.43621
-52.5352
-79.1226
-85.602
0.395003
-52.5352
-3.37315
-3.06188
-6.80478
24.2326
-79.1226
-52.5352
-2.84782
-52.5352
-52.5352
-14.9146
-1.72851
-4.03854
1.63261
-4.03854
-1.32899
1.59064
3.32561
-14.9146
5.86532
3.17672
-52.5352
68.9196
4.80326
68.9196
-14.9146
-6.60518
-1.72851
85.9974
6.95474
-17.0975
-79.1226
1.72321
1.72321
-3.85131
-52.5352
-14.9146
-52.5352
-3.37315
-87.2476
-0.975735
-5.86762
-1.72851
-85.602
4.53903
-79.1226
68.9196
4.03562
8.89972
-79.1226
-3.49043
-52.5352
-10.1365
15.8782
-52.5352
-79.1226
4.53903
-5.86762
10.8655
-52.5352
-8.43621
-52.5352
1.72321
3.17672
-8.43621
68.9196
-52.5352
-10.4689
0.641353
-1.88943
-3.64293
-52.5352
-3.37315
2.4044
24.2326
-52.5352
-0.505379
24.2326
1.72321
8.24757
8.24757
-1.72851
-10.4689
5.67804
-52.5352
3.70245
3.17672
15.8782
-5.19722
3.60106
-52.5352
1.41961
-79.1226
-6.80478
-83.731
-85.602
8.89972
3.17672
-14.9146
8.89972
-85.602
-79.1226
-8.57166
2.12881
-1.98544
-0.975735
84.5037
-2.84782
-2.17961
15.8782
-52.5352
24.2326
3.61972
-2.56914
3.95832
-14.9146
68.9196
2.58282
-52.5352
-2.84782
-1.72851
68.9196
85.9974
-14.9146
-79.1226
-1.72851
-1.72851
4.30295
-1.12552
6.95474
15.8782
4.80326
-3.37315
8.89972
-52.5352
-79.1226
-52.5352
-10.4689
-4.03854
-83.731
-52.5352
-79.1226
5.67804
1.78605
-3.49043
0.0462651
-52.5352
1.72321
-8.57166
-17.0975
-14.9146
15.8782
8.89972
-2.84006
-2.25467
-17.0975
68.9196
15.8782
4.82413
2.45649
10.8655
68.9196
15.8782
-2.50551
84.5037
24.2326
-5.86762
6.08723
-10.4689
-14.9146
1.72321
-79.1226
-2.84782
68.9196
4.6536
-52.5352
-87.2476
-52.5352
-5.70056
6.08723
-52.5352
68.9196
-52.5352
-0.499359
-10.4689
-52.5352
-52.5352
2.21099
-52.5352
-14.9146
-0.054786
10.8688
1.72321
5.67804
-8.43621
-4.03854
1.72321
4.6536
-85.602
-5.15213
-1.49232
2.43211
3.74774
2.34168
-0.499359
-17.0975
10.8688
0.0842281
-14.9146
-1.72851
-79.1226
68.9196
68.9196
6.95474
-52.5352
8.24757
-1.72851
68.9196
-4.03854
2.21099
1.31404
0.828242
-0.679694
2.12881
-5.15213
-4.01012
-14.9146
5.67804
-8.43621
-5.05241
-2.50551
4.30295
-79.1226
-6.88765
-4.49561
-6.56114
-52.5352
-52.5352
5.10854
-3.09434
4.53903
87.408
8.89972
2.26543
10.8655
-17.0975
2.43211
-0.975735
5.5862
-3.85131
81.245
-0.900987
68.9196
-1.94784
3.17672
-52.5352
-52.5352
-5.86762
-79.1226
86.8534
68.9196
-52.5352
-17.0975
4.18524
-17.0975
10.8655
-5.19722
4.03562
-2.84782
68.9196
24.2326
8.89972
-2.50551
-52.5352
10.8655
-52.5352
24.2326
0.395003
8.89972
68.9196
3.17672
-5.86762
-52.5352
5.5862
-52.5352
-52.5352
-10.4689
-14.9146
-87.2476
-3.71629
1.31404
-52.5352
-14.9146
-52.5352
-52.5352
-52.5352
-79.1226
3.6861
-1.86457
15.8782
-3.85131
-79.1226
-6.80478
-0.679694
-8.57166
-1.42697
-4.07609
-1.72851
3.17672
2.21099
-4.03854
-1.72851
-14.9146
-52.5352
-79.1226
-17.0975
-2.50551
84.5037
1.41961
-14.9146
-79.1226
10.8655
-6.80478
-52.5352
-8.43621
3.17672
-6.88765
7.5069
68.9196
-83.731
-2.29168
-3.64293
-8.43621
3.37533
87.408
-83.731
-4.49561
68.9196
-1.72851
1.72321
-52.5352
2.74254
-79.1226
-1.72851
-0.975735
0.395003
-79.1226
-5.05241
24.2326
68.9196
-52.5352
-2.50551
4.6536
-52.5352
-85.602
24.2326
-10.1365
-5.86762
68.9196
-0.499359
15.8782
-6.88765
-4.74961
-1.72851
-3.64293
15.8782
1.95628
-83.731
1.72321
-2.9369
8.89972
10.8688
-3.39209
-52.5352
-79.1226
24.2326
-0.679694
1.21931
-1.72851
-14.9146
-8.57166
-17.0975
4.53903
-0.679694
-79.1226
-52.5352
15.8782
-14.9146
-52.5352
-52.5352
-3.04245
15.8782
-17.0975
24.2326
-52.5352
3.95832
-79.1226
-0.975735
-52.5352
2.43211
15.8782
15.8782
24.2326
-1.72851
-0.521473
-2.17961
15.8782
8.89972
-5.86762
-2.50551
68.9196
10.8688
-52.5352
3.70245
2.21099
4.6536
-2.57982
15.8782
87.408
-1.48225
-79.1226
-1.72851
1.72321
4.53903
-52.5352
-0.054786
-5.86762
15.8782
-52.5352
-3.03006
-1.94784
-2.50551
-8.43621
-52.5352
2.07357
-52.5352
-17.0975
6.08723
-4.03854
8.24757
-1.72851
68.9196
-85.602
-17.0975
68.9196
81.245
5.67804
-14.9146
24.2326
-5.15213
-2.17961
-79.1226
68.9196
24.2326
-4.88537
-3.85131
68.9196
5.86532
-4.03854
-2.02861
-10.1365
-52.5352
-4.03854
-83.731
1.41961
7.5069
-79.1226
0.741843
5.3848
-1.72851
4.30295
0.604681
15.8782
5.10854
-6.88765
0.395003
0.208392
-14.9146
1.75659
3.95832
-14.9146
-79.1226
-52.5352
-17.0975
-0.725721
-4.26756
-1.98544
3.6861
-10.4689
-10.1365
-5.15213
-2.17961
-2.50551
6.08723
-52.5352
3.17672
68.9196
-79.1226
-52.5352
-8.43621
3.17672
-1.72851
-14.9146
15.8782
-0.725721
5.55482
-4.03854
-3.40961
81.245
10.8688
-5.70056
-1.72851
-17.0975
1.72321
3.17672
-85.602
-5.15213
-14.9146
-10.4689
0.437632
3.60106
-52.5352
68.9196
3.60106
3.95832
-0.499359
-83.731
81.245
-0.499359
3.17672
-87.2476
4.30295
3.61972
-79.1226
-1.72851
-52.5352
-17.0975
0.934813
-0.054786
81.245
-3.76334
85.9974
-5.86762
3.17672
-79.1226
-14.9146
-52.5352
-1.72851
-52.5352
24.2326
-52.5352
-52.5352
81.245
-52.5352
68.9196
84.5037
3.6861
87.7964
10.8688
-52.5352
8.89972
-0.850341
-52.5352
0.828242
-2.84782
-52.5352
1.72321
10.8655
3.17672
3.17672
-1.94784
-14.9146
-2.79987
-52.5352
-17.0975
0.828242
0.395003
-5.86762
15.8782
5.67804
2.58282
-10.1365
2.43211
-52.5352
-14.9146
-3.71629
8.89972
-86.6139
24.2326
1.15484
-52.5352
1.31404
3.95832
-87.6815
-1.72851
15.8782
10.8655
24.2326
15.8782
68.9196
6.70674
-8.57166
68.9196
-14.9146
3.33474
2.43211
-3.37315
-14.9146
-79.1226
-4.03854
-1.72851
-52.5352
-5.70056
15.8782
-14.9146
-0.054786
-4.88537
-6.88765
-3.06188
-3.95182
24.2326
-0.975735
15.8782
4.6536
68.9196
-0.499359
-79.1226
-52.5352
8.24757
8.89972
1.72321
-14.9146
-0.499359
15.8782
-14.9146
2.21099
-52.5352
-52.5352
2.43211
2.98756
-0.975735
-0.423003
-79.1226
-52.5352
5.67804
2.12881
-52.5352
-2.84782
81.245
-6.80478
7.5069
10.8655
81.245
-3.39209
2.02719
2.12881
10.8688
4.53903
3.33474
5.67804
5.67804
6.70674
5.5862
-79.1226
81.245
-52.5352
68.9196
2.34168
-79.1226
-52.5352
-2.56914
-6.88765
4.14316
-17.0975
-6.56114
84.5037
3.70245
-3.64293
85.9974
3.35192
68.9196
-10.4689
-14.9146
-86.6139
-3.76334
-1.72851
81.245
24.2326
24.2326
15.8782
8.89972
68.9196
-3.37315
4.03562
4.6536
-0.975735
-79.1226
-4.03854
24.2326
24.2326
3.95832
-52.5352
5.10854
3.17672
-52.5352
-83.731
-2.56914
8.89972
-14.9146
-52.5352
-83.731
-52.5352
-79.1226
15.8782
68.9196
5.5862
5.86532
-8.57166
-2.50551
4.03562
0.934813
-79.1226
-79.1226
-8.43621
-17.0975
-14.9146
3.95832
-1.72851
24.2326
-83.731
-52.5352
-8.43621
2.26543
8.89972
-52.5352
81.245
-79.1226
2.84111
-6.88765
-10.4689
-17.0975
-52.5352
-79.1226
-1.94784
-1.49232
68.9196
-79.1226
2.85457
2.12881
-14.9146
-1.72851
10.8655
-0.505379
15.8782
84.5037
0.395003
24.2326
68.9196
81.245
-2.14701
5.55482
68.9196
10.8688
-52.5352
3.17672
-0.695713
-52.5352
-79.1226
68.9196
-1.94784
-79.1226
-17.0975
-5.05241
-3.37315
-1.94784
-3.04245
-3.95182
81.245
-8.43621
-4.03854
-3.05052
-17.0975
2.58282
10.8655
3.17672
4.82413
-52.5352
5.67804
-6.80478
-14.9146
-4.74961
-52.5352
2.21099
-1.94784
24.2326
85.9974
-52.5352
-6.60518
-52.5352
81.245
-5.86762
-52.5352
-3.85131
10.8688
10.8655
-14.9146
-52.5352
-1.12552
24.2326
1.17145
-79.1226
68.9196
-1.72851
81.245
-4.88537
-14.9146
-0.975735
-4.03854
-5.05241
-52.5352
-4.01012
1.31404
84.5037
-10.1365
7.5069
68.9196
0.934813
-14.9146
-3.37315
-1.72851
-52.5352
-83.731
-1.72851
-79.1226
3.17672
-6.60518
10.8688
-1.72851
0.934813
-1.12552
-0.499359
0.395003
-5.19722
-10.1365
-79.1226
1.12611
-79.1226
3.76143
-17.0975
7.5069
-52.5352
-0.521473
-10.1365
-2.17961
-17.0975
-52.5352
-4.88537
-79.1226
-52.5352
84.5037
-10.4689
-79.1226
-2.9369
6.70674
-8.43621
-6.56114
4.14316
87.7964
-79.1226
-1.72851
3.57418
0.0462651
68.9196
24.2326
2.57374
-8.57166
-8.57166
0.0842281
8.24757
-52.5352
24.2326
0.679877
4.03562
3.17672
-17.0975
-5.86762
24.2326
-1.12552
24.2326
15.8782
68.9196
0.966465
-14.9146
-1.30968
-52.5352
-8.43621
-3.85131
-6.80478
24.2326
-52.5352
4.14316
-17.0975
-14.9146
-2.25467
-8.57166
-1.72851
3.17672
-10.4689
15.8782
3.15086
-14.9146
-8.43621
0.934813
-79.1226
-52.5352
-14.9146
15.8782
2.21413
-5.15213
8.89972
-52.5352
-79.1226
-87.2476
-3.37315
2.60804
1.15484
15.8782
15.8782
-10.1365
-8.57166
-5.05241
2.85457
85.9974
-79.1226
-52.5352
0.741843
-10.4689
-52.5352
-52.5352
84.5037
2.12881
24.2326
-4.03854
2.76787
87.408
1.31404
68.9196
-3.85131
-3.64293
1.72321
1.72321
-52.5352
-3.02002
68.9196
-52.5352
8.24757
5.55482
-3.71629
10.8688
-0.505379
-4.22235
-14.9146
-14.9146
6.95474
-1.72851
84.5037
-52.5352
2.21099
-10.1365
-10.1365
68.9196
0.395003
15.8782
4.40401
10.8688
6.70674
3.17672
-83.731
-52.5352
81.245
81.245
3.95832
-8.43621
-2.50551
-52.5352
6.08723
-52.5352
1.32589
-17.0975
-0.521473
8.24757
10.8655
-0.073823
-52.5352
-4.03854
-52.5352
-4.74961
-4.03854
-6.88765
8.24757
-17.0975
-52.5352
1.94336
15.8782
-86.6139
4.80326
15.8782
5.67804
-79.1226
1.67097
-14.9146
5.3848
68.9196
68.9196
-52.5352
-2.50551
-52.5352
-1.12552
-5.15213
-52.5352
-52.5352
-79.1226
-6.56114
6.95474
-52.5352
24.2326
-14.9146
68.9196
-4.03854
6.70674
4.6536
-2.50551
68.9196
24.2326
-2.50551
-10.1365
-10.4689
-83.731
-52.5352
-79.1226
3.17672
-52.5352
10.8688
5.67804
-14.9146
24.2326
85.9974
7.5069
-52.5352
-52.5352
-52.5352
-79.1226
3.17672
-1.72851
15.8782
6.95474
15.8782
-8.43621
-79.1226
-79.1226
2.45649
15.8782
-2.50551
-10.1365
68.9196
2.69029
0.567194
4.40481
-52.5352
-4.03854
3.17672
-0.975735
3.17672
-79.1226
1.31404
10.8688
1.31404
-52.5352
-0.975735
-1.72851
-5.70056
-1.72851
-1.98544
-5.15213
-2.17961
2.21099
8.89972
6.70674
-52.5352
10.8655
-0.140918
-3.76334
-5.86762
-52.5352
-0.355814
-86.6139
-52.5352
5.86532
2.21099
24.2326
8.89972
-17.0975
-2.56914
3.17672
1.72321
8.24757
3.60106
4.80326
68.9196
7.5069
81.245
-8.57166
-86.6139
8.24757
-8.43621
-14.9146
-1.72851
1.41961
-1.72851
-79.1226
2.12881
24.2326
1.75659
-14.9146
-83.731
1.72321
-5.05241
-1.94784
-2.50551
6.08723
-79.1226
-5.05241
5.67804
-1.72851
-8.43621
8.24757
-79.1226
-6.60518
-52.5352
-79.1226
-1.94784
-14.9146
-14.9146
-1.72851
-0.975735
0.934813
-14.9146
6.70674
3.17672
-6.88765
-17.0975
-6.80478
3.17672
3.17672
24.2326
-14.9146
-10.1365
-2.50551
-52.5352
68.9196
-52.5352
8.89972
3.17672
68.9196
-1.98544
-1.42697
-10.1365
-2.50551
-17.0975
-14.9146
-2.9369
-87.2476
-6.88765
15.8782
-17.0975
-14.9146
-2.25467
-2.50551
-0.850341
-2.50551
-52.5352
-83.731
1.72321
5.67804
5.67804
-1.48225
-83.731
4.80326
24.2326
-1.72851
5.5862
-52.5352
68.9196
15.8782
68.9196
-52.5352
-0.725721
-83.731
-3.37315
-52.5352
-5.15213
-4.49561
-52.5352
8.89972
24.2326
0.828242
-17.0975
-52.5352
81.245
-5.15213
-8.43621
68.9196
10.8655
68.9196
-52.5352
24.2326
-17.0975
-52.5352
-14.9146
1.72321
-6.88765
-6.56114
-17.0975
5.67804
2.43211
10.8655
-79.1226
-0.499359
68.9196
-8.57166
-8.43621
-10.4689
10.8655
1.72321
-85.602
-2.50551
-14.9146
10.8688
-79.1226
68.9196
84.5037
7.5069
15.8782
2.26543
3.17672
5.67804
2.21099
68.9196
-0.863054
5.55482
24.2326
-83.731
7.5069
4.30295
81.245
-0.725721
-8.43621
-52.5352
-17.0975
-4.03854
-17.0975
-2.84782
-6.56114
-8.57166
68.9196
-3.85131
3.08076
-3.85131
-4.49561
-6.88765
-1.72851
6.08723
-52.5352
-52.5352
4.40401
1.72321
3.6861
68.9196
85.9974
-3.37315
-83.731
-79.1226
10.8655
5.3848
-8.43621
-5.15213
-14.9146
-14.9146
-88.2375
-6.56114
-14.9146
-87.2476
-1.72851
-52.5352
-52.5352
15.8782
-52.5352
-52.5352
8.24757
-52.5352
-10.4689
10.8688
3.17672
-5.19722
-2.50551
0.78524
68.9196
-52.5352
-0.499359
-79.1226
4.14316
-14.9146
3.17672
-8.57166
2.21099
-8.43621
3.17672
-52.5352
-52.5352
-6.56114
-1.72851
-52.5352
-6.60518
81.245
6.95474
-52.5352
-3.85131
24.2326
10.8688
3.32561
-52.5352
4.80326
-1.12552
24.2326
-85.602
-52.5352
-1.72851
84.5037
-79.1226
-3.22814
68.9196
-4.03854
-14.9146
-52.5352
-6.80478
68.9196
-52.5352
-1.72851
4.30295
5.67804
68.9196
-5.15213
-4.07609
68.9196
68.9196
15.8782
-52.5352
15.8782
-52.5352
15.8782
-5.05241
-79.1226
-85.602
-0.975735
-52.5352
-2.17961
-5.15213
-1.20646
-17.0975
-3.37315
-4.03854
1.41961
24.2326
5.5862
3.61972
-10.4689
-79.1226
-83.731
-4.07609
-52.5352
-2.50551
0.934813
68.9196
-6.56114
24.2326
15.8782
-4.88537
-14.9146
-79.1226
0.934813
24.2326
-87.9974
3.17672
10.8655
-2.17961
-17.0975
81.245
-2.84782
10.8655
-52.5352
24.2326
-5.19722
4.40481
-6.80478
-4.03854
2.97893
3.17672
3.17672
-0.521473
-52.5352
-1.72851
-52.5352
4.40401
-5.86762
-87.2476
-52.5352
7.5069
-79.1226
-10.4689
5.67804
1.31404
-2.14701
-8.57166
3.17672
5.86532
-52.5352
1.72321
-52.5352
-52.5352
-52.5352
-83.731
-14.9146
-87.6815
81.245
4.40401
-14.9146
-79.1226
24.2326
3.17672
-1.75295
6.95474
-79.1226
24.2326
15.8782
4.30295
-14.9146
-1.72851
-14.9146
-10.1365
-14.9146
-4.03854
-86.6139
-10.4689
-14.9146
-52.5352
15.8782
24.2326
-10.4689
-14.9146
-79.1226
2.08921
15.8782
-8.43621
-3.22814
0.395003
-52.5352
8.89972
-87.6815
-2.84782
-79.1226
5.67804
5.67804
24.2326
-52.5352
-1.12552
5.67804
5.67804
-52.5352
-0.521473
-3.49043
5.67804
15.8782
10.8655
-17.0975
2.76787
5.67804
-6.56114
-0.521473
-52.5352
0.78524
2.58282
1.72321
-4.03854
8.89972
-52.5352
4.30295
-8.57166
6.70674
24.2326
-85.602
-0.499359
-2.50551
-8.43621
68.9196
-2.17961
-14.9146
-79.1226
2.21099
-52.5352
-14.9146
-2.50551
-14.9146
-17.0975
-2.89137
-8.43621
24.2326
-8.43621
-3.76334
24.2326
10.8655
68.9196
6.08723
-17.0975
-85.602
68.9196
10.8688
68.9196
2.21099
-1.72851
-3.37315
0.828242
5.55482
-79.1226
68.9196
-52.5352
68.9196
24.2326
-2.50551
-0.499359
0.208392
-79.1226
-1.94784
68.9196
-14.9146
-14.9146
24.2326
0.233252
-14.9146
-52.5352
-17.0975
68.9196
-3.64293
86.8534
-17.0975
0.86126
6.95474
-52.5352
81.245
-4.07609
-1.72851
-3.77175
-8.43621
-17.0975
-1.72851
1.94336
-4.49561
-52.5352
3.17672
-52.5352
-17.0975
-52.5352
-0.679694
-52.5352
-1.98544
5.86532
24.2326
-14.9146
-14.9146
-5.86762
-83.731
-52.5352
-3.06188
2.26543
-2.84782
-0.975735
-52.5352
-52.5352
24.2326
-8.43621
24.2326
-52.5352
-17.0975
-17.0975
-1.72851
10.8688
-0.975735
-0.499359
1.72321
81.245
15.8782
24.2326
3.17672
5.5862
15.8782
-14.9146
-5.70056
6.08723
84.5037
-4.0961
-52.5352
4.82413
-6.56114
-0.975735
-52.5352
2.70563
-17.0975
6.95474
10.8688
-79.1226
1.72321
-52.5352
-79.1226
10.8688
-14.9146
-2.29168
-79.1226
5.67804
-2.89137
15.8782
1.72321
-79.1226
-79.1226
-17.0975
-52.5352
5.86532
15.8782
-17.0975
81.245
-3.04245
-79.1226
68.9196
-85.602
81.245
68.9196
-79.1226
24.2326
24.2326
1.72321
-52.5352
10.8688
-79.1226
15.8782
-79.1226
-4.01012
-3.85131
1.14536
10.8655
68.9196
-6.88765
-2.14701
-86.6139
-79.1226
15.8782
8.24757
-8.43621
-87.2476
3.17672
-52.5352
-10.1365
-2.05745
-52.5352
24.2326
6.95474
-14.9146
-4.03854
-14.9146
2.45649
8.89972
10.8655
-52.5352
24.2326
-52.5352
-8.43621
-8.43621
-52.5352
6.70674
5.67804
-2.51787
-2.84782
-14.9146
4.80326
-1.20646
-1.72851
-8.43621
-52.5352
-8.43621
-14.9146
-0.725721
-3.85131
1.72321
88.0837
-6.88765
-14.9146
-8.43621
-0.423003
-79.1226
86.8534
-17.0975
5.67804
6.95474
-52.5352
3.17672
5.67804
-85.602
-1.37672
-2.14701
-2.50551
2.49537
-52.5352
-87.9974
-52.5352
7.5069
-2.50551
-10.1365
-3.37315
-1.72851
5.10854
15.8782
-6.56114
-52.5352
1.12611
-79.1226
3.32561
8.24757
-79.1226
-14.9146
-4.03854
8.24757
-52.5352
-87.2476
3.17672
4.40401
-2.56914
3.95832
10.8688
68.9196
-4.49561
-2.05745
8.24757
-87.6815
-83.731
-5.86762
-3.37315
5.86532
-1.72851
-52.5352
4.40481
8.89972
-2.50551
3.17672
-10.4689
-52.5352
-5.86762
4.80326
-85.602
3.17672
24.2326
-0.499359
3.14771
-52.5352
15.8782
10.8688
2.57374
-3.85131
-52.5352
-3.37315
-52.5352
-6.80478
-8.43621
-5.86762
15.8782
-14.9146
-17.0975
-52.5352
10.8688
-4.0961
-52.5352
4.30295
-86.6139
81.245
-86.6139
-17.0975
-1.30968
-1.12552
68.9196
-8.43621
86.8534
24.2326
-52.5352
-2.84782
-10.4689
4.30295
-14.9146
3.17672
-0.679694
-52.5352
2.58282
-6.56114
10.8688
3.70245
8.89972
-52.5352
2.85457
-52.5352
-2.50551
-8.43621
-79.1226
3.17672
-5.70056
-5.86762
-52.5352
-17.0975
-0.054786
-2.9369
-52.5352
-17.0975
-52.5352
10.8688
-0.975735
4.80326
5.10854
-17.0975
5.10854
-52.5352
10.8655
-0.679694
-1.12552
24.2326
-10.1365
-14.9146
3.17672
1.72321
10.8688
3.17672
1.12611
4.03562
0.437632
-52.5352
10.8655
-3.40961
-5.86762
24.2326
84.5037
3.32561
4.53903
-5.86762
0.934813
15.8782
6.95474
-0.626832
-87.6815
68.9196
2.58282
6.95474
-52.5352
-79.1226
2.57374
2.12881
-3.85131
-52.5352
-14.9146
-2.58638
-14.9146
68.9196
1.72321
15.8782
-6.60518
15.8782
-6.80478
0.395003
-3.37315
24.2326
24.2326
-79.1226
3.32561
6.95474
-5.70056
-4.22235
-52.5352
-0.784145
-79.1226
-1.72851
-5.19722
-17.0975
-14.9146
3.17672
84.5037
-8.43621
-52.5352
-5.70056
3.17672
-4.88537
-79.1226
-1.30968
-52.5352
24.2326
10.8688
10.8688
10.8655
-79.1226
-14.9146
1.72321
-79.1226
10.8655
-2.84782
-0.975735
4.80326
-6.60518
0.828242
6.95474
6.70674
-17.0975
86.8534
-79.1226
-4.03854
0.0462651
-10.4689
-8.57166
-8.57166
2.12881
2.21099
-4.03854
-2.84782
-8.57166
7.5069
-52.5352
-4.01012
-52.5352
-52.5352
-52.5352
-2.16148
-6.56114
-52.5352
-52.5352
-6.80478
3.17672
-52.5352
68.9196
-52.5352
7.5069
-10.4689
68.9196
-17.0975
68.9196
2.12881
81.245
-14.9146
4.53903
87.408
5.86532
-85.602
4.18524
-17.0975
5.10854
-5.05241
-14.9146
-2.50551
-0.499359
84.5037
-3.85131
-83.731
7.5069
-52.5352
81.245
2.21099
-10.1365
2.76787
-4.03854
1.72321
-52.5352
3.17672
-52.5352
24.2326
-2.50551
-14.9146
-8.43621
-0.505379
-8.57166
1.72321
-14.9146
10.8655
4.80326
4.82413
5.5862
10.8688
10.8655
-8.43621
68.9196
-4.49561
-2.29168
-1.72851
-2.84782
-79.1226
4.03562
85.9974
-10.4689
5.10854
24.2326
-17.0975
-2.50551
-1.72851
15.8782
-4.26756
68.9196
-14.9146
-10.4689
-14.9146
-10.1365
10.8655
-52.5352
-52.5352
81.245
6.95474
-52.5352
1.72321
-14.9146
-14.9146
-52.5352
-3.76334
-2.50551
10.8655
-52.5352
-14.9146
68.9196
-8.43621
-4.03854
10.8688
-1.30968
2.12881
-17.0975
24.2326
-0.499359
-17.0975
-1.72851
-8.57166
-10.4689
-10.1365
-0.725721
-2.83864
68.9196
81.245
-17.0975
-14.9146
-52.5352
15.8782
-10.4689
-86.6139
-8.43621
-52.5352
1.94336
5.86532
1.72321
3.04611
7.5069
2.34168
5.67804
-52.5352
0.934813
2.58282
-17.0975
24.2326
1.72321
-52.5352
-52.5352
-52.5352
-14.9146
81.245
-4.03854
-8.43621
-17.0975
10.8655
-2.57982
68.9196
-14.9146
-52.5352
24.2326
-1.98544
8.24757
10.8655
-17.0975
-1.72851
24.2326
24.2326
84.5037
-6.80478
-17.0975
-6.80478
-52.5352
-52.5352
4.30295
-52.5352
-0.073823
-79.1226
-3.76334
-52.5352
-3.85131
8.89972
3.17672
24.2326
5.3848
-52.5352
0.741843
2.21099
4.80326
68.9196
-14.9146
-1.72851
-17.0975
-52.5352
10.8655
8.24757
5.86532
-14.9146
-14.9146
-14.9146
3.17672
-83.731
-52.5352
-14.9146
-1.72851
-4.88537
-1.72851
-1.72851
5.67804
-4.03854
6.70674
24.2326
2.85457
2.58282
5.86532
1.63261
-52.5352
-6.88765
84.5037
-1.48225
-6.56114
-52.5352
2.45649
3.37533
-3.85131
-14.9146
-6.88765
1.72321
-86.6139
5.5862
-17.0975
-1.72851
24.2326
-86.6139
24.2326
-79.1226
85.9974
68.9196
3.32561
-17.0975
5.67804
-3.85131
-17.0975
-6.80478
10.8688
15.8782
-52.5352
-79.1226
-52.5352
6.08723
2.43211
-6.80478
68.9196
68.9196
1.31404
3.17672
-5.86762
10.8655
-83.731
68.9196
-8.57166
-4.49561
-52.5352
-86.6139
2.43211
-52.5352
-14.9146
-2.17961
-52.5352
2.70563
-52.5352
0.0240684
-79.1226
-1.72851
-52.5352
4.80326
86.8534
68.9196
10.8688
3.17672
-52.5352
-10.4689
-17.0975
-8.43621
10.8688
24.2326
5.67804
7.5069
-4.01012
3.17672
-2.64057
-2.50551
-3.06188
-52.5352
6.95474
-1.76497
4.80326
-14.9146
24.2326
5.86532
0.0462651
3.32561
-52.5352
-6.88765
-10.1365
2.43211
-79.1226
-14.9146
-1.32899
-8.57166
81.245
-14.9146
-14.9146
-3.05052
-86.6139
-52.5352
-10.4689
-6.60518
-5.86762
24.2326
68.9196
8.89972
-52.5352
-79.1226
24.2326
4.80326
-79.1226
7.5069
-1.72851
81.245
-8.43621
-79.1226
-10.1365
68.9196
-17.0975
-4.49561
-4.49561
-2.50551
-52.5352
-85.602
68.9196
-52.5352
-52.5352
-79.1226
-8.43621
68.9196
-6.60518
-52.5352
3.70245
68.9196
-3.37315
-17.0975
-86.6139
-4.81573
-52.5352
-79.1226
5.3848
2.21099
-14.9146
-52.5352
4.03562
-3.71629
-52.5352
-14.9146
-0.499359
-17.0975
-10.1365
-79.1226
-3.37315
2.43211
81.245
15.8782
-2.50551
-6.60518
-83.731
3.17672
-52.5352
-83.731
-1.72851
-52.5352
-10.1365
6.95474
-14.9146
-2.62111
24.2326
6.08723
-2.84782
-4.03854
-0.521473
-86.6139
-14.9146
2.69029
-0.975735
-10.4689
15.8782
68.9196
5.86532
68.9196
68.9196
6.95474
-52.5352
-83.731
81.245
-6.60518
3.33474
6.08723
4.03562
-52.5352
84.5037
-0.975735
1.31404
1.31404
-0.975735
1.31404
68.9196
68.9196
8.24757
3.17672
-8.57166
-2.14701
-79.1226
-2.84782
-52.5352
-0.825955
-86.6139
-1.72851
3.61972
1.12611
-83.731
8.24757
-79.1226
-6.80478
-4.03854
1.74513
5.10854
3.17672
24.2326
10.8655
-17.0975
-52.5352
68.9196
10.8655
1.72321
-2.25467
-2.75752
1.15484
-0.975735
-52.5352
68.9196
10.8655
0.934813
-14.9146
-3.71629
3.35682
1.72321
-52.5352
68.9196
-52.5352
10.8688
68.9196
-8.57166
68.9196
0.395003
68.9196
81.245
-79.1226
6.70674
-83.731
15.8782
84.5037
-52.5352
-52.5352
-17.0975
-2.64057
2.49537
-3.85131
1.67097
-10.1365
68.9196
68.9196
68.9196
-17.0975
10.8655
-4.01012
-0.975735
-10.4689
-79.1226
-1.72851
2.21099
-2.56914
-10.1365
-17.0975
3.17672
-79.1226
-79.1226
-8.43621
10.8655
-86.6139
4.30295
3.37533
-52.5352
6.95474
-1.72851
-79.1226
-10.1365
8.89972
-1.72851
-1.72851
-17.0975
6.08723
6.95474
24.2326
-14.9146
5.67804
-79.1226
68.9196
-2.50551
3.37533
1.31404
0.828242
-79.1226
10.8688
-79.1226
-52.5352
10.8655
-1.72851
5.55482
1.72321
-86.6139
-79.1226
68.9196
-5.19722
24.2326
-14.9146
-2.63264
24.2326
-5.86762
24.2326
1.31404
-1.72851
-52.5352
-1.49232
-17.0975
-10.1365
-0.505379
4.14316
-52.5352
-0.975735
81.245
4.18524
24.2326
-14.9146
4.80326
-10.4689
2.58282
-14.9146
0.208392
-4.03854
5.86532
-4.81573
7.5069
-14.9146
-2.50551
0.233252
-52.5352
4.53903
8.89972
3.70245
68.9196
-5.15213
-6.88765
-52.5352
8.89972
-5.86762
24.2326
-2.56914
2.21099
68.9196
68.9196
-2.84782
4.6536
-79.1226
-14.9146
81.245
24.2326
15.8782
8.89972
3.70245
-3.52966
-0.863054
2.12881
-10.1365
-79.1226
10.8688
-17.0975
24.2326
68.9196
24.2326
1.72321
-52.5352
-79.1226
3.17672
-79.1226
1.72321
68.9196
-1.72851
-52.5352
-52.5352
-1.72851
-83.731
-6.88765
-14.9146
10.8655
1.72321
-1.72851
68.9196
8.89972
-5.05241
2.16476
10.8655
-14.9146
3.95832
-2.50551
-52.5352
-0.499359
-14.9146
5.67804
24.2326
10.8688
-5.86762
2.58282
-2.29168
2.12881
-4.03854
-3.85131
-6.56114
68.9196
24.2326
3.17672
-4.49561
4.30295
2.85457
-79.1226
-4.49561
15.8782
-1.72851
68.9196
-1.12552
-52.5352
-79.1226
-3.09434
-52.5352
2.43211
-2.84782
3.74774
4.03562
-1.72851
-4.01012
3.32561
-14.9146
-10.1365
-2.84782
1.31404
-52.5352
-52.5352
-52.5352
10.8655
-52.5352
5.10854
-17.0975
-2.50551
-10.1365
-4.49561
-10.4689
84.5037
24.2326
-17.0975
85.9974
-52.5352
7.5069
-2.84782
24.2326
-52.5352
-87.9974
15.8782
-52.5352
-3.85131
-1.72851
0.437632
-6.60518
-14.9146
-4.88537
-52.5352
81.245
-52.5352
-52.5352
8.24757
3.32561
6.95474
-6.60518
0.828242
-2.84782
-83.731
-79.1226
-6.88765
-17.0975
24.2326
-6.88765
84.5037
-4.81573
4.30295
-52.5352
5.55482
15.8782
-6.60518
-1.72851
-1.94784
-83.731
-8.43621
-52.5352
0.828242
24.2326
1.12611
-0.499359
5.67804
68.9196
-85.602
-1.72851
-52.5352
10.8688
1.31404
-0.505379
81.245
1.74513
-52.5352
3.32561
24.2326
-14.9146
-5.86762
24.2326
-1.72851
10.8688
-0.975735
1.31404
-52.5352
85.9974
-0.518613
-83.731
5.67804
2.21099
-79.1226
84.5037
-6.88765
-8.43621
-83.731
-52.5352
6.95474
1.72321
0.641353
-52.5352
-17.0975
-4.07609
1.63261
-52.5352
6.70674
10.8655
24.2326
-10.4689
-2.02861
-3.06188
10.8688
24.2326
87.408
4.6536
-2.29168
-3.64293
-52.5352
6.08723
-79.1226
-8.57166
-52.5352
-1.20646
-10.1365
-4.03854
-52.5352
8.89972
-52.5352
-14.9146
68.9196
-1.12552
-1.72851
7.5069
4.40481
-10.4689
-86.6139
3.17672
-6.80478
-0.499359
-10.1365
1.72321
-52.5352
15.8782
-52.5352
-52.5352
-5.15213
81.245
-0.975735
-79.1226
68.9196
-2.84782
86.8534
4.80326
-79.1226
1.41961
1.72321
2.80195
8.89972
5.3848
-52.5352
0.934813
-52.5352
-52.5352
-4.03854
-1.72851
-83.731
-2.84782
1.72321
1.31404
24.2326
68.9196
-1.72851
-52.5352
0.395003
3.17672
3.70245
7.5069
-14.9146
-5.05241
-4.03854
-2.43138
-8.57166
2.12881
3.95832
-79.1226
10.8655
68.9196
-52.5352
-52.5352
0.934813
1.72321
3.60106
-79.1226
6.95474
-52.5352
-0.679694
-3.64293
3.17672
2.58282
3.17672
-10.4689
-1.94784
-0.975735
-1.72851
-6.56114
-52.5352
-10.4689
2.12881
15.8782
68.9196
68.9196
-52.5352
24.2326
81.245
-10.4689
-8.43621
-2.50551
-14.9146
-3.85131
3.17672
-52.5352
-52.5352
4.03562
8.89972
-1.48225
1.72321
-2.9369
2.58282
-52.5352
3.17672
3.17672
81.245
-14.9146
24.2326
-4.88537
-83.731
84.5037
10.8688
3.17672
1.72321
-2.84782
-4.49561
1.94336
-52.5352
10.8688
-79.1226
-6.88765
8.89972
-4.01012
6.08723
-2.02861
3.37533
-4.49561
-52.5352
1.67097
1.67097
4.82413
-1.72851
2.02719
-0.499359
-52.5352
-3.37315
24.2326
-79.1226
-52.5352
-52.5352
-2.50551
10.8655
-17.0975
10.8688
3.17672
-1.72851
24.2326
-1.72851
0.133533
4.80326
15.8782
24.2326
-52.5352
1.41961
-17.0975
-8.43621
68.9196
-8.43621
5.67804
81.245
68.9196
-86.6139
7.5069
1.72321
2.43211
1.31404
3.17672
-85.602
-85.602
-8.57166
-10.4689
-3.76334
-1.72851
10.8655
-17.0975
-1.72851
1.72321
-8.57166
-2.9369
-4.03854
24.2326
4.40401
-10.1365
-52.5352
-5.19722
24.2326
5.86532
-52.5352
-0.679694
24.2326
-1.12552
-5.86762
68.9196
68.9196
-14.9146
0.934813
2.07357
0.641353
81.245
-52.5352
-2.84782
3.17672
4.80326
85.9974
-14.9146
2.26543
-2.84782
68.9196
15.8782
-10.4689
-79.1226
-52.5352
-52.5352
3.17672
-3.06188
5.5862
-1.72851
5.67804
3.70245
84.5037
68.9196
68.9196
4.82413
84.5037
15.8782
15.8782
5.55482
-6.60518
8.24757
-10.4689
3.17672
5.86532
-1.72851
0.828242
-4.01012
3.17672
-10.1365
84.5037
-8.43621
-10.4689
-8.43621
10.8688
-52.5352
-17.0975
-79.1226
0.0462651
4.03562
-2.50551
-85.602
-17.0975
-86.6139
-52.5352
-79.1226
-0.975735
2.43211
3.17672
10.8655
-1.72851
24.2326
-14.9146
7.5069
1.72321
-88.2375
-52.5352
1.94336
6.95474
-17.0975
-52.5352
0.796774
-0.679694
-52.5352
24.2326
3.17672
-6.88765
-0.850341
5.67804
-17.0975
2.43211
-14.9146
-6.60518
24.2326
-79.1226
-1.20646
68.9196
-4.01012
3.37533
-3.85131
24.2326
-17.0975
-14.9146
3.17672
15.8782
2.53799
-0.975735
5.3848
3.17672
5.67804
-10.1365
24.2326
-3.28215
6.95474
2.22091
-0.975735
15.8782
84.5037
-1.70358
-52.5352
68.9196
68.9196
4.80326
-4.07609
-79.1226
-8.43621
3.95832
68.9196
8.89972
-79.1226
-6.80478
4.80326
-10.4689
-5.05241
-14.9146
-79.1226
-4.03854
-83.731
-5.70056
-4.03854
-85.602
68.9196
6.70674
-5.86762
3.17672
68.9196
3.17672
-8.57166
-8.43621
5.55482
-52.5352
-52.5352
-6.60518
-52.5352
-52.5352
-52.5352
-4.01012
-52.5352
-52.5352
81.245
-4.03854
-14.9146
-8.43621
8.89972
-5.05241
24.2326
5.67804
-5.15213
-79.1226
-52.5352
68.9196
5.67804
-79.1226
-52.5352
-3.85131
6.95474
6.95474
-8.43621
1.72321
-0.975735
8.24757
-52.5352
-1.02527
-52.5352
5.10854
6.95474
5.86532
-14.9146
-2.14701
-1.12552
1.72321
5.67804
-83.731
-52.5352
-79.1226
8.89972
-52.5352
85.9974
-17.0975
15.8782
-85.602
-52.5352
-52.5352
-2.50551
68.9196
24.2326
24.2326
-17.0975
-1.49232
-4.0961
-6.88765
-5.05241
-52.5352
-83.731
3.17672
10.8688
-83.731
-52.5352
-4.49561
-8.43621
24.2326
-1.42697
-14.9146
3.17672
1.31404
-5.05241
0.934813
15.8782
-52.5352
-14.9146
-1.94784
3.74774
-2.35153
-1.72851
-8.43621
81.245
4.80326
-5.05241
10.8655
7.5069
-1.72851
-14.9146
-52.5352
-79.1226
8.89972
-52.5352
-52.5352
-83.731
-8.57166
2.65432
-79.1226
-17.0975
1.59064
15.8782
-52.5352
-1.02527
68.9196
-5.15213
4.53903
-14.9146
6.95474
-0.521473
8.89972
86.8534
3.33474
3.60106
5.55482
-52.5352
-5.86762
-79.1226
-52.5352
-52.5352
4.80326
-52.5352
-2.17961
2.84111
1.75659
-52.5352
-3.64293
-1.72851
-14.9146
-52.5352
6.95474
68.9196
81.245
-2.50551
-17.0975
1.67097
5.10854
6.08723
24.2326
-79.1226
-17.0975
81.245
-52.5352
-14.9146
-14.9146
3.60106
1.72321
-0.975735
84.5037
-52.5352
8.24757
2.21099
-52.5352
-0.850341
-14.9146
8.24757
-10.4689
3.17672
4.82413
24.2326
-52.5352
-79.1226
3.17672
5.67804
-14.9146
-79.1226
68.9196
15.8782
86.8534
-2.62111
-14.9146
-17.0975
10.8688
6.08723
-0.073823
81.245
-14.9146
-6.88765
-52.5352
-14.9146
5.67804
-52.5352
6.70674
-17.0975
24.2326
3.95832
-79.1226
-14.9146
-14.9146
2.85457
2.4213
-52.5352
-79.1226
10.8655
10.8655
68.9196
7.5069
6.95474
10.8655
6.95474
-1.72851
-52.5352
-0.679694
10.8655
-52.5352
-10.1365
3.17672
-52.5352
-5.15213
-14.9146
-52.5352
24.2326
-3.77175
-4.81573
-85.602
2.43211
-85.602
0.0462651
-2.50551
-14.9146
24.2326
-52.5352
15.8782
-52.5352
-52.5352
-8.57166
-1.94784
-4.22235
-10.4689
-52.5352
1.94336
24.2326
-14.9146
5.86532
-1.20646
8.89972
8.89972
-52.5352
-1.98544
1.72321
-3.04245
-52.5352
10.8655
6.95474
5.5862
-83.731
0.604681
0.828242
24.2326
10.8655
-4.49561
-52.5352
-79.1226
68.9196
81.245
-5.70056
-0.679694
-5.15213
-52.5352
1.72321
-0.679694
-1.94784
68.9196
81.245
-1.72851
-79.1226
-83.731
-83.731
81.245
-2.56914
4.80326
-52.5352
24.2326
-52.5352
-2.50551
68.9196
-14.9146
-5.86762
-79.1226
5.67804
-6.88765
-6.88765
-79.1226
2.21099
-4.01012
3.32561
-0.499359
-8.43621
-79.1226
3.17672
0.0462651
-8.43621
8.24757
-79.1226
3.37533
-4.88537
15.8782
0.934813
68.9196
-79.1226
-14.9146
-4.88537
-8.43621
-2.50551
-52.5352
10.8655
-6.88765
-79.1226
2.21099
-79.1226
-85.602
4.40481
0.0900287
-14.9146
1.48188
-52.5352
-85.602
-52.5352
1.63261
24.2326
1.72321
-6.80478
-0.679694
-79.1226
68.9196
81.245
-3.37315
-3.09434
3.17672
6.95474
-8.57166
4.80326
10.8655
-17.0975
-52.5352
3.17672
-6.56114
-10.1365
3.17672
-52.5352
68.9196
5.67804
68.9196
-52.5352
-4.26756
-52.5352
-2.18389
68.9196
-52.5352
-79.1226
-1.20646
-8.43621
-14.9146
-52.5352
6.70674
-79.1226
5.67804
-1.72851
-52.5352
-14.9146
-52.5352
-4.88537
2.58282
-52.5352
-79.1226
-52.5352
68.9196
6.95474
-14.9146
-3.40961
-1.72851
68.9196
15.8782
15.8782
-2.50551
-52.5352
3.37533
3.95832
8.89972
84.5037
3.17672
-52.5352
1.32589
-79.1226
24.2326
-2.17961
68.9196
-79.1226
-10.4689
-6.88765
-17.0975
-6.56114
-83.731
-52.5352
-6.88765
-3.85131
68.9196
-2.0706
8.24757
-79.1226
68.9196
-1.72851
-6.88765
-17.0975
-14.9146
10.8688
-52.5352
2.21099
0.934813
-17.0975
1.72321
-52.5352
-10.1365
-2.17961
10.8655
2.40773
-52.5352
-83.731
85.9974
-2.9369
-4.03854
-79.1226
-52.5352
-1.94784
-1.72851
24.2326
-52.5352
-52.5352
24.2326
-1.12552
-52.5352
-2.02861
8.89972
1.67097
4.80326
2.12881
-79.1226
68.9196
5.10854
-1.37672
8.89972
-85.602
-1.72851
-4.26756
-17.0975
-8.43621
15.8782
-79.1226
-79.1226
2.58282
-1.94784
24.2326
84.5037
-1.12552
10.8655
-52.5352
-83.731
8.89972
-52.5352
10.8688
2.45649
-4.03854
3.17672
3.17672
68.9196
6.70674
-52.5352
-52.5352
-3.05052
-4.0961
-52.5352
-52.5352
68.9196
-10.4689
-10.1365
-0.679694
-52.5352
3.32561
-3.03006
5.86532
10.8688
85.9974
-5.86762
-52.5352
-1.49232
-17.0975
-52.5352
68.9196
2.43211
2.45649
-14.9146
-2.84782
-52.5352
7.5069
81.245
3.17672
-6.60518
-0.499359
2.58282
0.0462651
-79.1226
68.9196
-0.521473
3.17672
-17.0975
5.3848
-8.57166
3.74774
6.95474
24.2326
1.72321
-52.5352
-52.5352
-14.9146
4.40481
4.80326
85.9974
15.8782
6.95474
-14.9146
4.80326
2.21099
24.2326
8.24757
-52.5352
-5.86762
10.8655
-17.0975
-52.5352
-1.72851
-79.1226
1.72321
1.12611
10.8688
2.43211
15.8782
0.29075
81.245
-10.4689
-83.731
-3.03006
-79.1226
-2.50551
-1.20646
-4.03854
24.2326
-0.499359
3.17672
24.2326
-0.975735
-52.5352
-1.22197
10.8688
24.2326
-5.86762
-52.5352
-2.50551
-85.602
-52.5352
-52.5352
68.9196
4.80326
-0.499359
68.9196
-79.1226
-10.1365
-52.5352
-79.1226
-17.0975
15.8782
3.37533
-5.15213
-17.0975
-14.9146
-5.86762
-2.25467
81.245
1.31404
-4.88537
24.2326
15.8782
6.95474
-2.17961
-52.5352
-5.15213
-6.56114
-52.5352
-52.5352
3.17672
1.72321
-14.9146
-8.43621
10.8688
-52.5352
-14.9146
-10.1365
81.245
-6.80478
10.8655
8.24757
-79.1226
68.9196
-14.9146
6.08723
24.2326
-1.72851
2.76787
10.8655
68.9196
81.245
1.41961
-52.5352
-52.5352
2.58282
-8.43621
-0.975735
-52.5352
-79.1226
68.9196
-1.02527
68.9196
-17.0975
-5.15213
24.2326
24.2326
-79.1226
24.2326
3.35192
3.33474
-10.4689
24.2326
-52.5352
68.9196
-0.499359
-52.5352
-52.5352
15.8782
-85.602
-6.60518
3.17672
-52.5352
10.8655
24.2326
-10.4689
6.95474
-0.254973
24.2326
86.8534
1.72321
-1.72851
5.67804
68.9196
6.08723
3.17672
68.9196
-52.5352
-8.43621
1.72321
0.395003
68.9196
-1.72851
-1.72851
10.8655
68.9196
68.9196
24.2326
2.45649
-5.05241
1.72321
68.9196
-8.43621
-79.1226
10.8655
2.45649
-2.50551
-2.84782
-8.43621
-1.72851
-6.60518
1.72321
-79.1226
-52.5352
-52.5352
-52.5352
-52.5352
-52.5352
-52.5352
1.72321
-8.43621
4.40401
68.9196
-1.37672
-52.5352
-6.88765
-52.5352
4.53903
68.9196
1.72321
-79.1226
68.9196
-2.50551
-52.5352
24.2326
-14.9146
-6.80478
24.2326
-6.60518
-79.1226
-52.5352
4.30295
-52.5352
-2.84782
0.934813
2.43211
10.8688
15.8782
-52.5352
-52.5352
24.2326
24.2326
84.5037
-52.5352
15.8782
3.32561
-6.88765
-8.43621
-52.5352
4.30295
-4.49561
-5.05241
-1.72851
-2.89137
10.8688
-2.50551
68.9196
-2.75752
-79.1226
10.8655
-52.5352
-52.5352
-52.5352
0.395003
-79.1226
5.3848
86.8534
-1.72851
-14.9146
10.8688
-6.88765
-79.1226
-52.5352
4.18524
-52.5352
68.9196
10.8655
-52.5352
-8.43621
-1.72851
6.08723
-17.0975
0.641353
-79.1226
3.74774
-10.1365
-79.1226
2.43211
1.67097
-8.57166
-52.5352
3.17672
5.10854
-52.5352
24.2326
-2.50551
-8.43621
-14.9146
-52.5352
-52.5352
4.80326
2.8091
3.04611
4.03562
-83.731
-52.5352
-79.1226
-79.1226
-2.89137
68.9196
68.9196
-87.2476
-52.5352
3.17672
-3.76334
68.9196
0.395003
68.9196
-0.499359
1.12611
-17.0975
-1.72851
24.2326
-4.81573
8.24757
24.2326
10.8655
4.03562
-52.5352
-1.30968
-3.06188
8.89972
-52.5352
-52.5352
68.9196
-10.4689
-52.5352
24.2326
-17.0975
4.30295
2.21099
15.8782
10.8688
-2.50551
-83.731
1.72321
7.5069
15.8782
0.465306
68.9196
-4.07609
24.2326
15.8782
3.17672
-8.57166
2.21099
-0.423003
2.43211
68.9196
-52.5352
-10.4689
-4.81573
0.78524
84.5037
-2.56914
-3.85131
-3.37315
-2.50551
-52.5352
-3.76334
-14.9146
-0.518613
10.8688
-4.49561
-79.1226
-86.6139
68.9196
-1.94784
-0.423003
-83.731
-4.03854
68.9196
-79.1226
-1.10717
-52.5352
-86.6139
-10.4689
-1.12552
-52.5352
2.21099
-10.4689
68.9196
-2.50551
-2.56914
3.57418
-79.1226
-52.5352
2.45649
7.5069
-52.5352
-1.72851
-17.0975
81.245
-8.43621
-79.1226
-2.56914
-10.1365
5.67804
7.5069
-52.5352
-4.49561
3.95832
24.2326
86.8534
3.14771
-52.5352
-14.9146
3.17672
-4.74961
81.245
-4.03854
5.10854
-1.72851
24.2326
8.24757
5.67804
3.17672
-6.60518
-52.5352
-0.975735
-14.9146
-10.1365
-85.602
-10.1365
-2.50551
5.67804
4.80326
-52.5352
-52.5352
7.5069
5.86532
10.8655
-0.423003
3.70245
68.9196
3.17672
2.58282
6.95474
-8.43621
2.45649
-3.76334
-52.5352
10.8688
3.17672
24.2326
-87.9974
84.5037
-52.5352
-5.15213
-79.1226
2.76787
0.437632
15.8782
-17.0975
0.0900287
-1.42697
-17.0975
-8.43621
-14.9146
84.5037
1.2349
-0.499359
-79.1226
-52.5352
-14.9146
15.8782
-2.05745
10.8688
68.9196
68.9196
-2.84782
-52.5352
-85.602
-52.5352
10.8655
-52.5352
2.34168
3.95832
8.89972
-83.731
24.2326
-17.0975
3.15086
-10.4689
-85.602
-52.5352
-3.76334
8.89972
-6.56114
0.934813
-2.25467
-1.76497
-14.9146
-8.43621
-14.9146
-14.9146
-17.0975
68.9196
4.03562
24.2326
-79.1226
3.6861
-2.84006
15.8782
-0.725721
-52.5352
-52.5352
-2.57982
15.8782
1.72321
24.2326
5.86532
1.12611
-0.521473
10.8655
5.67804
-2.50551
5.5862
0.828242
6.95474
-14.9146
-3.03006
8.24757
-4.74961
-52.5352
-52.5352
5.10854
-14.9146
-79.1226
-5.15213
-10.4689
2.4213
5.67804
6.70674
-3.85131
68.9196
-17.0975
3.17672
68.9196
-2.84782
-3.37315
7.5069
-1.12552
-1.72851
-86.6139
24.2326
10.8688
-6.88765
2.65432
-1.12552
15.8782
10.8688
-14.9146
2.12881
-52.5352
-83.731
-2.84782
1.14536
-52.5352
-3.76334
-14.9146
-3.39209
-17.0975
3.17672
1.75659
5.55482
0.934813
-79.1226
-52.5352
-1.43699
-52.5352
3.17672
3.17672
-6.56114
-0.975735
-52.5352
0.395003
-14.9146
-3.28215
0.437632
5.86532
3.60106
-17.0975
-17.0975
-85.602
-0.499359
-2.50551
-4.01012
24.2326
1.72321
10.8655
-14.9146
3.74774
-17.0975
-85.602
-2.56914
15.8782
-83.731
-10.1365
-79.1226
1.72321
-52.5352
-0.679694
15.8782
-52.5352
-4.03854
-0.499359
3.17672
8.89972
3.57418
3.17672
-5.19722
-6.56114
-14.9146
15.8782
-79.1226
-1.76497
-83.731
-52.5352
8.89972
-52.5352
5.86532
-52.5352
81.245
24.2326
-52.5352
3.17672
-52.5352
-14.9146
7.5069
-14.9146
-4.26756
-14.9146
24.2326
-52.5352
8.89972
-52.5352
3.35682
4.03562
-0.725721
-14.9146
-2.9369
-10.1365
8.89972
2.336
24.2326
-52.5352
-83.731
84.5037
-10.1365
-0.679694
-79.1226
4.53903
5.10854
-3.37315
-79.1226
-52.5352
-52.5352
15.8782
-83.731
-52.5352
24.2326
2.43211
68.9196
-17.0975
-14.9146
3.6861
-79.1226
-8.43621
-79.1226
-2.84782
-52.5352
15.8782
-1.30968
-1.72851
-52.5352
68.9196
-1.72851
-14.9146
-2.84782
-2.72262
-17.0975
3.35192
-79.1226
-52.5352
4.53903
-79.1226
1.63261
-14.9146
10.8688
-8.43621
-1.72851
10.8655
-14.9146
-1.49232
-52.5352
-52.5352
2.21099
-79.1226
-0.521473
-14.9146
-8.43621
-0.499359
15.8782
10.8655
-4.88537
-79.1226
4.30295
-17.0975
-17.0975
-5.86762
2.43211
8.89972
-4.22235
-10.1365
-52.5352
10.8655
-4.01012
68.9196
0.0462651
-52.5352
-52.5352
8.89972
-79.1226
-52.5352
3.17672
-14.9146
-2.25467
15.8782
1.31404
5.3848
-87.2476
4.40481
84.5037
-14.9146
-52.5352
3.17672
-5.86762
0.395003
-2.56914
24.2326
68.9196
-52.5352
15.8782
-86.6139
-79.1226
-52.5352
86.8534
-10.4689
-4.03854
10.8688
-52.5352
-1.72851
-83.731
-2.19808
-2.75752
68.9196
1.12611
-52.5352
-85.602
10.8655
3.95832
-4.03854
1.72321
68.9196
-4.03854
84.5037
-8.57166
24.2326
-1.30968
2.49537
-10.4689
-14.9146
-1.12552
24.2326
-6.80478
24.2326
-14.9146
4.40481
3.17672
2.02719
8.89972
-52.5352
-1.72851
6.70674
-0.679694
4.40481
15.8782
-10.1365
15.8782
7.5069
6.95474
3.17672
-14.9146
24.2326
-52.5352
-14.9146
6.08723
-1.72851
-79.1226
-52.5352
2.43211
-52.5352
5.86532
5.86532
3.70245
-10.4689
81.245
-2.84782
-6.60518
0.0462651
4.30295
-0.975735
10.8688
3.04611
0.133533
24.2326
-2.84782
-52.5352
-1.20646
24.2326
-8.43621
-10.4689
68.9196
-17.0975
-8.43621
5.3848
6.95474
-6.80478
-52.5352
-8.43621
2.84111
-17.0975
10.8655
-4.49561
-85.602
-4.03854
-52.5352
-52.5352
15.8782
24.2326
-52.5352
-10.1365
-6.60518
-86.6139
8.89972
-6.56114
81.245
-4.22235
3.17672
2.21099
3.11372
10.8688
-4.0961
-52.5352
-2.57982
-4.88537
3.35192
24.2326
-52.5352
-52.5352
2.85457
0.828242
-52.5352
-2.84782
-0.679694
2.21099
10.8688
-2.84782
8.24757
-79.1226
-52.5352
-86.6139
-17.0975
68.9196
-1.76497
68.9196
-5.70056
-79.1226
4.6536
68.9196
-2.56914
-85.602
-79.1226
24.2326
-1.72851
-0.975735
-17.0975
3.17672
-0.975735
-2.17961
-14.9146
-17.0975
-17.0975
-83.731
6.08723
-14.9146
3.17672
-5.15213
-83.731
3.17672
85.9974
-52.5352
-0.975735
-6.80478
-52.5352
-4.74961
68.9196
-52.5352
-0.679694
-52.5352
-3.06188
2.21099
-79.1226
-14.9146
8.24757
3.35192
-17.0975
-52.5352
3.17672
-52.5352
-52.5352
-52.5352
1.94336
4.53903
6.70674
5.55482
-6.80478
-6.60518
24.2326
-14.9146
-1.72851
-4.03854
0.488117
87.408
-3.37315
68.9196
7.5069
3.1087
68.9196
-3.37315
-0.423003
-2.84782
0.0462651
-2.84782
68.9196
-0.679694
68.9196
-6.88765
-6.88765
-5.15213
-2.9369
-1.72851
-10.1365
4.40481
-4.49561
8.24757
-17.0975
81.245
-3.85131
-1.72851
-6.56114
-3.37315
-4.81573
-1.72851
3.17672
68.9196
-52.5352
-0.679694
-52.5352
-79.1226
8.89972
-52.5352
24.2326
-85.602
24.2326
-2.16148
68.9196
3.17672
10.8655
-52.5352
-14.9146
81.245
-8.43621
-10.4689
2.70563
-0.505379
-52.5352
68.9196
1.31404
-4.0961
-52.5352
-83.731
-2.84782
10.8655
15.8782
68.9196
0.86126
-2.50551
-52.5352
3.17672
1.12611
7.5069
-14.9146
-52.5352
-6.56114
-2.94595
2.43211
-17.0975
24.2326
-52.5352
3.17672
0.395003
-6.60518
-79.1226
-52.5352
15.8782
-52.5352
15.8782
3.37533
-52.5352
0.934813
5.10854
8.24757
-0.975735
3.70245
-52.5352
3.61972
-4.49561
0.395003
1.12611
-1.72851
-14.9146
-83.731
81.245
4.53903
-52.5352
8.89972
-14.9146
-2.50551
8.89972
4.30295
4.18524
-52.5352
-52.5352
24.2326
-1.72851
5.67804
-4.22235
2.26543
-52.5352
-52.5352
68.9196
0.233252
24.2326
68.9196
-5.15213
85.9974
81.245
5.67804
-3.76334
-3.37315
15.8782
-52.5352
-8.57166
-2.22174
0.395003
-4.03854
15.8782
-79.1226
15.8782
24.2326
-52.5352
24.2326
81.245
-85.602
-2.84782
-17.0975
-52.5352
-5.70056
-0.499359
-79.1226
-79.1226
5.67804
-6.88765
-14.9146
5.67804
-14.9146
15.8782
-2.50551
4.40401
81.245
-2.50551
-2.50551
-2.56914
-10.4689
0.395003
-8.57166
24.2326
3.17672
0.476153
-85.602
-52.5352
10.8655
-2.56914
3.17672
-14.9146
8.89972
-52.5352
1.72321
-52.5352
1.72321
-52.5352
3.17672
-52.5352
-14.9146
-10.4689
-79.1226
2.58282
-14.9146
-0.234215
2.21099
-85.602
-52.5352
-79.1226
2.43211
-2.75752
-87.2476
5.67804
-0.850341
-4.03854
-4.03854
-52.5352
-1.30968
-52.5352
-1.72851
-52.5352
2.85457
68.9196
24.2326
24.2326
-4.81573
1.41961
-79.1226
1.31404
10.8655
-10.4689
-3.76334
-79.1226
-1.72851
68.9196
4.30295
-5.19722
10.8688
15.8782
-5.19722
-0.423003
81.245
-2.50551
-8.43621
0.828242
-79.1226
-52.5352
5.67804
3.14771
-79.1226
-79.1226
2.43211
-87.6815
-85.602
-0.975735
-3.85131
10.8655
4.80326
-4.81573
8.89972
-52.5352
-0.499359
4.40481
1.31404
8.89972
-5.05241
-5.70056
-10.1365
-52.5352
-0.499359
-14.9146
-14.9146
-52.5352
68.9196
68.9196
-1.72851
15.8782
-17.0975
-4.07609
15.8782
-52.5352
-6.56114
2.07357
24.2326
-1.72851
-4.49561
84.5037
-52.5352
68.9196
-14.9146
-52.5352
-8.43621
-83.731
-5.19722
-2.14701
24.2326
4.14316
-52.5352
-8.43621
-2.25467
-52.5352
10.8688
-2.54534
4.18524
24.2326
68.9196
-0.975735
68.9196
-14.9146
-8.57166
-0.119865
24.2326
-52.5352
6.95474
5.5862
1.72321
-86.6139
-1.72851
3.70245
-14.9146
68.9196
84.5037
-79.1226
-88.4262
4.14316
-5.86762
-2.84782
1.94336
-2.50551
-4.22235
-6.80478
-3.37315
-52.5352
0.0462651
-52.5352
-14.9146
10.8688
3.17672
8.24757
-6.80478
15.8782
3.17672
2.76787
-3.49043
-8.57166
-1.72851
-2.75752
-52.5352
3.04611
-52.5352
15.8782
1.12611
-4.03854
5.67804
-83.731
-79.1226
-10.1365
-3.64293
1.72321
-4.74961
1.17145
-14.9146
-0.0993033
-52.5352
3.32561
-4.22235
24.2326
6.95474
-0.679694
6.08723
-8.43621
68.9196
-4.03854
-52.5352
-6.88765
-4.03854
-8.43621
-2.50551
-52.5352
-14.9146
10.8655
-52.5352
24.2326
-14.9146
-0.054786
-3.28215
24.2326
68.9196
3.17672
24.2326
-79.1226
-2.17961
3.17672
-3.85131
15.8782
-1.72851
-79.1226
-1.94784
-17.0975
-3.37315
-0.725721
-52.5352
-52.5352
24.2326
-0.975735
-2.50551
3.17672
-5.70056
1.72321
24.2326
10.8688
7.5069
-10.1365
2.19196
-2.17961
68.9196
-2.50551
5.3848
1.31404
68.9196
24.2326
-6.80478
-0.505379
-10.1365
-52.5352
-8.43621
5.67804
-5.86762
-10.4689
81.245
-3.37315
-1.72851
68.9196
-4.74961
3.17672
68.9196
-79.1226
68.9196
-52.5352
-1.94784
6.08723
-52.5352
-52.5352
-79.1226
-79.1226
0.604681
-17.0975
-52.5352
-52.5352
-14.9146
68.9196
68.9196
5.86532
15.8782
68.9196
-17.0975
-6.80478
-52.5352
-8.57166
-14.9146
-2.50551
-87.2476
0.395003
24.2326
10.8655
4.30295
-4.03854
7.5069
68.9196
-52.5352
-52.5352
-17.0975
24.2326
-52.5352
-79.1226
84.5037
68.9196
-10.1365
0.0462651
-6.56114
-8.43621
-1.30968
0.395003
0.934813
5.10854
3.95832
4.30295
-79.1226
1.31404
-1.30968
-10.4689
-10.1365
-1.72851
-79.1226
6.95474
-1.72851
-1.72851
-0.975735
68.9196
-0.975735
-8.43621
-3.85131
86.8534
1.31404
3.95832
2.43211
2.45649
15.8782
-1.72851
-52.5352
68.9196
-8.43621
68.9196
-6.56114
-17.0975
-86.6139
-2.89137
-8.43621
3.17672
2.29864
4.53903
-6.80478
3.17672
24.2326
-10.4689
81.245
-10.1365
3.17672
10.8688
-4.01012
-79.1226
2.21099
-1.72851
-4.03854
-79.1226
-2.56914
-4.03854
24.2326
8.24757
-52.5352
-0.499359
68.9196
15.8782
-4.03854
-79.1226
81.245
-4.03854
-14.9146
0.395003
-10.4689
-52.5352
-17.0975
-1.72851
-14.9146
3.95832
6.08723
-52.5352
-52.5352
2.45649
24.2326
1.12611
-17.0975
-52.5352
-4.03854
-8.43621
-86.6139
4.80326
-8.43621
-2.64057
-2.62111
-52.5352
-1.72851
3.17672
68.9196
1.80422
1.41961
68.9196
5.5862
24.2326
-52.5352
-52.5352
7.5069
-79.1226
-10.1365
8.89972
0.934813
-8.43621
-52.5352
4.30295
10.8655
-1.72851
-79.1226
-17.0975
-52.5352
6.70674
15.8782
68.9196
-79.1226
68.9196
-52.5352
68.9196
3.17672
-14.9146
-4.03854
8.89972
24.2326
-4.07609
-79.1226
-10.4689
-14.9146
6.95474
84.5037
8.24757
-4.03854
-10.4689
5.86532
7.5069
81.245
-52.5352
-14.9146
-79.1226
-1.98544
6.70674
10.8655
-4.49561
-83.731
10.8655
-52.5352
-3.85131
-5.70056
7.5069
-52.5352
-5.86762
-52.5352
-17.0975
1.72321
4.40401
5.10854
-1.72851
-52.5352
0.604681
6.08723
-83.731
-79.1226
10.8655
1.94336
-3.64293
-83.731
84.5037
24.2326
-52.5352
-1.72851
24.2326
24.2326
4.53903
8.89972
3.17672
-52.5352
-5.86762
-10.4689
24.2326
-2.50551
-4.74961
-8.43621
-52.5352
7.5069
3.32561
-10.1365
-87.6815
-52.5352
-52.5352
-79.1226
15.8782
68.9196
-52.5352
-8.43621
-52.5352
2.21099
-1.28633
10.8655
15.8782
-1.48225
-5.86762
-10.1365
4.18524
-79.1226
-52.5352
-1.22197
-85.602
-2.50551
-88.4262
-1.94784
-83.731
5.3848
10.8688
-52.5352
81.245
2.26543
-0.054786
68.9196
68.9196
-8.43621
68.9196
-8.43621
-0.975735
15.8782
4.30295
84.5037
0.604681
24.2326
-8.43621
3.70245
4.40481
2.11662
5.86532
10.8655
15.8782
-83.731
-0.499359
81.245
-83.731
-4.88537
15.8782
4.40481
5.5862
10.8655
8.89972
-85.602
-6.56114
68.9196
5.3848
-3.71629
-14.9146
-8.57166
-14.9146
-79.1226
-4.26756
1.4479
-2.14701
3.95832
24.2326
-52.5352
10.8655
-4.22235
3.35192
15.8782
-52.5352
10.8655
15.8782
-10.4689
5.86532
-52.5352
1.12611
5.86532
-52.5352
1.31404
24.2326
-52.5352
-52.5352
-4.03854
6.95474
-79.1226
4.18524
-52.5352
5.67804
3.17672
-1.76497
68.9196
-14.9146
2.21099
6.08723
4.40481
-17.0975
24.2326
-2.50551
-3.85131
-3.95182
-4.88537
-14.9146
-6.60518
-2.84782
-1.72851
-2.50551
3.17672
-1.12552
10.8688
4.14316
-8.57166
-87.2476
6.08723
1.56249
4.30295
-3.85131
-0.0993033
-79.1226
68.9196
-52.5352
-52.5352
68.9196
-3.06188
-14.9146
-2.32113
-52.5352
0.934813
-52.5352
-10.4689
5.5862
1.31404
-4.03854
-14.9146
-8.43621
-52.5352
2.76787
-14.9146
-1.30968
-0.499359
-52.5352
24.2326
-0.975735
-52.5352
-4.03854
0.934813
-0.054786
-83.731
84.5037
81.245
8.89972
-8.57166
-10.4689
-0.850341
3.95832
-4.03854
68.9196
68.9196
1.31404
-0.499359
-3.77175
-52.5352
-2.57982
10.8688
68.9196
15.8782
-14.9146
-2.50551
-52.5352
-10.1365
-79.1226
3.17672
5.55482
24.2326
-0.975735
5.10854
-6.56114
-52.5352
-8.57166
3.06506
6.70674
-10.1365
3.74774
4.53903
-2.57982
10.8655
-3.49043
10.8688
0.934813
-14.9146
4.14316
3.17672
2.57374
7.5069
-14.9146
-4.03854
-6.56114
68.9196
0.934813
-79.1226
-52.5352
-0.975735
-4.0961
3.17672
-0.679694
1.31404
24.2326
-52.5352
15.8782
10.8655
-8.43621
-14.9146
2.53799
3.08076
24.2326
-1.94784
-5.86762
-10.1365
-14.9146
-52.5352
-0.499359
-0.975735
-52.5352
-83.731
-2.50551
3.17672
-5.19722
-2.50551
24.2326
-17.0975
-8.43621
-2.56914
-3.28215
-1.72851
-10.1365
6.95474
2.58282
68.9196
6.95474
5.86532
68.9196
10.8655
-52.5352
8.89972
3.1087
-5.05241
-0.850341
3.6861
10.8688
-3.95182
24.2326
15.8782
2.45649
-52.5352
-2.89137
-1.72851
-52.5352
24.2326
24.2326
68.9196
2.21099
-0.975735
5.3848
3.17672
3.17672
-52.5352
-14.9146
-3.37315
8.24757
68.9196
-52.5352
-79.1226
24.2326
-10.4689
5.55482
15.8782
15.8782
-4.88537
81.245
68.9196
-4.81573
-3.39209
-14.9146
-83.731
-14.9146
7.5069
5.10854
10.8688
84.5037
-52.5352
-52.5352
85.9974
-1.72851
-52.5352
5.10854
6.08723
68.9196
-5.86762
3.60106
2.57374
-1.12552
-14.9146
-8.43621
-1.32899
2.58282
-3.71629
15.8782
2.21099
-85.602
-3.52966
-17.0975
5.67804
-2.50551
-14.9146
-2.84782
-87.2476
-4.07609
-5.86762
0.395003
24.2326
-8.57166
81.245
-52.5352
24.2326
-3.09434
24.2326
-17.0975
3.17672
-52.5352
3.17672
24.2326
2.58282
-2.17961
-1.43699
-17.0975
-52.5352
-6.88765
-6.88765
81.245
2.97893
84.5037
-2.17961
-2.50551
-17.0975
-0.366805
-52.5352
-4.0961
4.30295
10.8655
-2.32113
-79.1226
-17.0975
-3.49043
1.72321
-2.56914
10.8688
-8.43621
2.97893
5.86532
68.9196
-8.43621
-8.43621
10.8655
6.08723
15.8782
3.17672
-79.1226
-10.4689
-6.80478
-6.88765
-5.86762
-10.4689
24.2326
-1.72851
5.86532
6.95474
-52.5352
-52.5352
-52.5352
-52.5352
0.749004
-1.22197
-3.06188
5.3848
7.5069
-52.5352
3.17672
-0.679694
24.2326
-1.72851
-85.602
-10.1365
-79.1226
68.9196
-52.5352
-6.88765
24.2326
1.72321
68.9196
-52.5352
2.12881
10.8688
3.61972
-1.30968
-6.60518
-17.0975
-1.72851
-14.9146
84.5037
5.86532
2.43211
-52.5352
4.80326
1.72321
-10.4689
10.8655
-3.64293
5.55482
-6.80478
-1.98544
-3.85131
10.8655
-0.975735
-6.60518
4.80326
-10.4689
-10.1365
-2.56914
81.245
10.8688
-52.5352
-79.1226
-52.5352
-52.5352
-14.9146
0.828242
4.6536
-2.84782
-5.70056
-17.0975
-8.43621
-79.1226
-1.20646
-14.9146
-52.5352
-2.56914
24.2326
-52.5352
15.8782
-52.5352
-17.0975
-1.30968
4.18524
-52.5352
3.37533
-79.1226
68.9196
24.2326
81.245
0.395003
-10.4689
1.72321
6.70674
-0.975735
-17.0975
-6.56114
-52.5352
-8.43621
24.2326
4.80326
-1.12552
-2.50551
-17.0975
8.89972
10.8688
-52.5352
8.24757
-3.76334
-52.5352
-2.57982
5.86532
68.9196
-10.1365
2.58282
-2.17961
-52.5352
-3.76334
-10.1365
68.9196
1.31404
-10.4689
-14.9146
10.8655
3.74774
2.21099
3.32561
8.89972
1.94336
-3.71629
24.2326
-4.22235
-52.5352
-0.725721
10.8655
-83.731
3.61972
10.8688
-52.5352
5.86532
3.17672
3.74774
24.2326
10.8688
15.8782
-8.43621
5.86532
-52.5352
10.8688
-52.5352
-1.48225
-3.37315
-52.5352
68.9196
3.17672
-52.5352
-14.9146
-14.9146
-52.5352
-10.1365
-52.5352
68.9196
-4.88537
-52.5352
-52.5352
-52.5352
-52.5352
5.67804
-2.84782
-3.28215
-52.5352
-14.9146
24.2326
-2.9369
84.5037
-52.5352
-4.22235
-2.29168
4.82413
2.12881
-14.9146
-52.5352
-52.5352
2.58282
-14.9146
3.17672
84.5037
3.17672
-14.9146
6.08723
-85.602
5.67804
-52.5352
-3.39209
68.9196
-14.9146
10.8688
-17.0975
-52.5352
-14.9146
-17.0975
15.8782
-3.06188
-17.0975
-52.5352
-79.1226
-14.9146
2.58282
-6.88765
-52.5352
-79.1226
15.8782
-1.72851
8.89972
6.08723
8.24757
-52.5352
15.8782
-1.12552
15.8782
-79.1226
3.1087
-52.5352
-8.43621
5.67804
