-2.04241
2.37754
2.83919
2.58822
-1.11395
-0.298447
0.59565
2.83919
-3.28861
2.65691
0.448807
0.33428
0.0589309
0.884847
1.54543
0.100646
-3.28861
-2.29855
-1.4764
3.42374
-0.909358
-1.03589
3.42374
-3.28861
0.884847
-1.4764
2.3052
-0.757831
3.42374
3.01298
3.01298
0.33428
0.33428
-2.29855
-1.4764
-2.33637
-2.39701
-2.39701
3.42374
-3.09447
2.37754
-1.58942
1.80141
2.80147
-0.393605
3.42374
-0.507578
3.42374
3.42374
1.41883
3.42374
2.83919
3.23266
1.00504
2.83919
2.37754
-0.983717
-1.4764
1.00504
2.37754
1.69737
0.0589309
2.86877
-1.70395
-2.29855
3.42374
3.42374
-1.05933
3.01298
-0.500685
3.23266
0.158315
3.42374
-2.77201
2.37754
1.56753
0.103959
-1.70395
-2.29855
0.800639
-1.70395
-1.47578
2.83919
1.54543
-0.0897092
-1.58622
-1.47578
0.59565
1.62232
-1.87255
-2.77511
3.42374
1.14813
-1.4764
-1.70395
2.83919
-0.168007
2.6455
-1.11395
-1.52756
2.00276
3.42374
-1.11395
2.43099
2.83919
3.42374
3.01298
-2.25467
3.42374
3.42374
-2.77511
2.86877
-1.52756
-3.28861
-0.298447
3.23266
2.09249
2.37754
2.37754
0.59565
-1.81086
0.286932
3.42374
-2.29855
-1.4764
-1.4764
-2.77201
1.10799
-1.70395
-0.298447
-1.4764
3.42374
-3.28861
3.42374
1.85661
-2.13535
-0.757831
2.80147
-2.05105
-1.11395
3.23266
0.0723027
2.83919
-1.70395
-0.206197
-0.909358
-3.28861
2.43099
-2.98074
1.69737
-1.34498
2.09249
-0.298447
2.83919
0.89197
-1.58942
-1.11395
3.23266
-2.39701
-1.32576
3.01298
1.62232
3.42374
1.05307
-2.77511
0.667324
-0.298447
1.14456
-2.29855
1.00504
-1.74369
2.21632
-1.70395
-2.33637
3.42374
-2.04241
2.14249
-1.4764
3.23266
-2.5572
3.42374
2.09249
2.83919
-2.5572
3.23266
-2.61022
2.52604
2.83919
3.42374
-3.28861
-1.68384
-1.11395
2.09249
2.09249
-0.757831
-1.88197
3.23266
-1.4764
0.0589309
2.83919
-2.29855
2.09249
-2.05105
1.69281
2.37754
-1.68384
-2.29855
-1.17532
0.884847
3.42374
-2.29855
-1.50707
-1.4764
3.42374
-2.29855
3.42374
-1.4764
1.85661
3.42374
-2.0806
-3.28861
3.42374
0.301022
-0.734918
1.63059
-2.29855
2.80147
-2.29855
3.42374
0.696591
-1.4764
0.39131
3.42374
2.80147
-1.4764
2.80147
2.09249
-1.70395
-1.47578
-2.39701
1.41883
-3.28861
-1.47578
-2.39701
2.37754
3.23266
2.52604
2.80147
-2.98074
-2.05105
2.86877
-1.4764
3.23266
2.52604
2.86877
2.65691
1.55203
-1.4764
2.37754
-2.29855
-1.64464
0.855971
-2.29855
1.63059
1.22801
2.37028
-3.09447
3.42374
-2.33637
0.59565
2.83919
3.42374
2.33985
0.59565
2.83919
-1.4764
1.56753
3.23266
-2.22536
-1.4764
2.37754
3.42374
2.83919
-1.70395
-3.28861
-0.893241
-1.11395
-1.4764
2.37754
-0.157618
2.83919
2.83919
-3.28861
1.69737
3.42374
2.83919
1.63059
2.09249
-2.29855
-0.0213242
1.14813
2.83919
-0.734918
-2.33637
-1.54284
0.0589309
2.83919
3.42374
-1.70395
0.119373
3.42374
-2.77201
-2.77511
0.855971
1.56753
2.37754
2.80147
2.83919
-2.77511
2.37754
0.448807
-3.28861
2.83919
-3.09447
1.50641
3.23266
0.0589309
3.42374
2.80147
-3.28861
-0.168007
-1.03372
3.42374
-2.13535
1.33654
3.42374
-2.39701
-1.81086
0.567403
-1.64888
2.37754
-2.29855
0.884847
-1.11395
-0.157618
-3.09447
-1.54284
-2.29855
0.0589309
-2.77201
-2.77201
-0.924727
-2.29855
2.37754
-0.571676
1.85661
-2.29855
3.42374
1.34804
-3.28861
1.83432
3.42374
0.855971
0.0589309
3.42374
-0.298447
1.9846
3.42374
0.884847
2.83919
1.63652
-2.77201
2.00891
3.42374
2.58822
2.58822
3.23266
0.855971
-1.4764
-0.168007
0.33428
-2.45892
-3.28861
2.09249
0.0589309
-1.64464
-3.28861
3.42374
3.42374
3.42374
2.83919
0.100646
3.42374
2.83919
1.56753
-2.29855
-1.58942
1.69737
3.42374
-2.77201
2.32883
3.42374
-1.83864
0.884847
-1.70395
3.23266
-0.878936
3.42374
1.35508
0.884847
2.37028
3.42374
-1.34498
1.69737
-2.61022
-1.11395
-1.11395
-2.98074
0.0589309
0.800639
-1.50707
-0.655251
0.855971
3.23266
2.37754
1.80141
-0.298447
-2.39701
2.83919
2.37754
3.42374
3.42374
2.00891
-2.29855
2.65691
-2.39701
1.8225
-2.29855
-0.878936
1.06784
2.52604
-1.4764
-3.09447
3.42374
2.83919
-2.39701
3.01298
1.69737
0.0589309
-2.24759
1.85661
2.37754
3.42374
1.56753
3.01298
-0.168007
3.42374
-1.4764
2.00891
2.80147
-1.70395
2.83919
-1.4764
-2.29855
3.42374
3.42374
1.56753
0.0589309
3.42374
-2.29855
1.1573
3.42374
1.56753
3.23266
1.10799
-2.72942
0.567403
-0.168007
-2.39701
0.33428
-3.28861
2.09249
1.10799
1.56753
0.884847
3.42374
-1.4764
1.0498
2.52604
3.42374
0.855971
0.667324
-0.298447
2.83919
3.42374
-0.757831
1.80141
-2.29855
0.855971
-1.1714
2.83919
2.09249
1.00504
-3.28861
0.577877
3.42374
3.01298
3.42374
-0.983717
-2.29855
3.23266
-2.45892
3.23266
-0.0200175
3.42374
-3.09447
-2.77201
-3.28861
3.42374
-0.168007
-2.29855
2.83919
2.37028
2.83919
-2.3754
0.0589309
-3.28861
-0.298447
1.10619
-3.28861
0.33428
3.42374
-1.4764
3.42374
-3.09447
1.8502
2.37754
2.37754
2.37754
2.33985
3.23266
-2.29855
-2.33637
-3.28861
2.86877
1.56753
-1.47578
-1.93352
-3.28861
-1.4764
0.347194
-1.4764
-1.93352
1.0498
-2.22536
-1.98225
-2.25467
-1.4764
3.42374
-3.28861
1.10799
-2.77201
-1.64464
-1.98225
-2.29855
3.42374
-2.3754
-0.298447
-2.77201
0.503551
-1.50707
2.83919
2.86877
0.855971
-1.70395
1.08329
-2.72942
2.80147
3.42374
2.83919
2.37754
-2.39701
3.42374
2.1632
-1.4764
-2.29855
3.42374
3.42374
3.42374
3.42374
-0.909358
-1.21966
-2.29855
2.83919
3.42374
-3.28861
2.37754
2.86877
-2.72942
3.42374
-0.924727
1.63059
-1.4764
2.83919
1.8502
0.59565
3.42374
2.83919
-1.62484
0.0589309
-2.29855
-1.70395
-1.68384
1.85661
1.50322
2.37754
1.80141
0.448807
3.42374
-2.25467
-1.4764
3.42374
1.63652
2.43099
3.42374
3.23266
-1.05543
1.00504
2.0606
-2.98074
-2.24759
0.567403
-2.12582
3.42374
2.1632
2.83919
-2.29855
-1.81086
-1.70395
2.37754
1.69737
2.83919
3.23266
3.42374
2.37754
-3.28861
2.83919
-2.5572
-1.68384
1.63652
3.23266
0.884847
-0.507578
3.23266
3.01298
-2.22536
2.80147
-2.29855
0.918082
2.37754
2.37754
-1.4764
-3.28861
3.01298
3.42374
-1.70395
-2.29855
-1.68384
2.83919
-1.4764
0.884847
-1.4764
3.42374
-1.4315
0.884847
-2.29855
0.0589309
2.00891
2.37754
-1.11395
3.01298
-2.39701
1.85661
3.42374
2.09249
1.56753
3.23266
3.01298
3.42374
-1.4764
-1.4764
-1.70395
-1.4764
2.86877
-3.28861
-3.28861
3.42374
2.37754
3.42374
2.83919
2.3052
1.63652
1.80141
0.855971
-1.50707
2.58822
-2.39701
2.6455
1.63652
2.80147
1.0498
3.23266
0.59565
-1.4764
0.448807
-1.93352
3.23266
0.503551
-2.77201
2.83919
3.42374
3.42374
-0.757831
3.42374
3.42374
2.6455
2.83919
-1.11395
-3.28861
3.42374
-1.4315
-1.4764
-2.33637
-2.04241
-2.39701
2.83919
2.32883
-2.29855
2.80147
-2.77201
3.42374
-1.11395
3.23266
2.52604
-2.34494
3.42374
3.23266
2.09249
-0.924727
-1.70395
2.58822
3.42374
-2.3754
-1.70395
2.37754
2.83919
3.42374
-2.29855
0.884847
0.0589309
-2.39701
3.42374
2.37754
0.884847
-2.98074
0.884847
-2.39701
3.23266
0.0589309
3.01298
2.83919
2.6455
-2.3754
-2.98074
2.80147
3.42374
-0.983717
-2.29855
-3.28861
-2.29855
-2.29855
1.56753
-1.4764
-2.3754
2.37754
-1.70395
-1.52756
2.83919
-3.09447
-2.39701
2.52604
-3.28861
3.42374
1.69281
2.00276
1.69737
-1.45309
0.33428
3.42374
2.52604
2.58822
2.37028
2.37754
0.0589309
3.42374
1.85661
-2.61022
0.0589309
0.981285
-1.4764
1.00504
-1.4764
2.37028
1.08329
-2.98074
-2.77201
2.37754
3.01298
-0.298447
-2.29855
2.32883
-1.64464
-3.28861
2.80147
-1.64464
2.37754
-0.157618
-1.70395
2.37754
-1.11395
-2.39701
3.42374
0.0589309
-0.528044
-3.28861
3.42374
-0.0200175
0.0589309
2.58822
-0.298447
3.42374
-0.528044
0.855971
3.42374
0.0723027
-2.29855
-1.4764
0.766203
3.42374
3.42374
1.63652
2.37028
1.85661
-1.47578
-0.298447
3.42374
-0.298447
0.855971
1.70322
-1.4764
3.42374
-0.734918
2.80147
2.86877
3.23266
3.42374
-0.350603
2.86877
2.83919
-2.29855
2.83919
-1.4764
-3.28861
-0.909358
-2.77511
-2.61022
2.58822
-1.68384
1.08733
1.00504
-1.4764
0.655316
0.884847
2.09249
0.884847
1.50322
1.29765
1.75131
1.34804
-1.4764
0.276138
0.965329
2.6455
3.42374
2.83919
-1.4764
3.42374
-1.4764
1.69737
-0.298447
-2.77201
3.01298
3.42374
2.37028
-2.72942
2.65691
3.23266
0.598379
0.0589309
3.23266
-3.28861
-1.93352
2.37754
1.56426
0.301022
-1.47578
-0.0614219
2.58822
3.42374
3.42374
2.86877
-2.45892
3.01298
3.42374
-0.168007
3.42374
-1.70395
-0.757831
2.37754
1.35508
2.37754
-2.04241
1.75131
2.09249
0.884847
3.01298
-3.28861
2.83919
0.884847
-1.4764
2.83919
3.42374
-2.25467
2.83919
-1.52756
2.83919
1.00504
-2.29855
3.42374
-1.47578
-1.11395
3.42374
3.42374
-2.98074
2.86877
-0.983717
1.02118
-2.29855
-0.298447
-0.734918
-2.77201
-3.28861
-1.11395
3.42374
-1.64464
0.448807
3.42374
3.23266
2.37028
2.80147
0.59565
-3.28861
-2.77201
-2.29855
2.37754
-1.4764
-0.206197
2.83919
2.83919
0.855971
3.42374
2.83919
3.23266
-1.05543
-2.29855
-2.98074
-0.749788
2.83919
-1.64464
2.3052
-2.77201
2.83919
0.0589309
2.80147
2.83919
-1.72162
3.42374
2.09249
1.75131
1.00504
2.00276
2.32883
-1.70395
-0.507578
3.42374
-1.70395
3.42374
-0.298447
-1.05543
2.21632
1.06784
-1.11395
2.83919
-2.29855
-0.298447
0.0589309
-2.77511
3.23266
2.80147
2.37754
1.85661
2.6455
1.00504
-2.29855
3.01298
-2.13535
2.52604
0.855971
3.42374
3.42374
-2.24759
2.43099
0.0589309
-3.28861
1.63059
-2.29855
0.884847
2.52604
-3.09447
0.884847
3.42374
-1.4764
-2.98074
1.62232
3.42374
-2.29855
3.42374
1.56753
3.23266
3.23266
0.0226459
2.0606
-1.4315
3.42374
-2.25467
1.22801
-1.81086
2.83919
3.42374
-1.12614
0.0589309
0.100646
-1.4764
-2.22536
0.0589309
3.42374
3.42374
-0.757831
2.37754
-2.05105
0.0589309
1.10799
3.42374
-3.28861
2.83919
3.23266
1.56753
-1.70395
3.42374
-1.4764
-2.3754
-1.4764
0.884847
2.37754
3.42374
0.918082
2.80147
1.85661
-2.29855
3.42374
-2.29855
0.448807
-1.4764
2.37754
-2.72942
3.01298
0.448807
3.42374
2.00891
2.58822
0.301022
1.56753
-2.77201
0.0589309
-1.98225
2.58822
0.884847
3.42374
3.42374
2.52604
3.23266
0.59565
3.42374
-1.93421
-1.70395
2.58822
0.0589309
-0.248813
0.884847
2.83919
2.58822
-1.4315
1.69281
1.43326
0.884847
0.884847
2.83919
-2.29855
2.37754
-1.64464
0.884847
0.0589309
0.0976904
-1.70395
3.42374
1.34804
-0.514757
1.29403
-0.0200175
3.42374
-1.74369
0.0589309
-2.33637
3.42374
3.42374
0.667324
-0.206197
-3.09447
-0.350603
-3.28861
-0.298447
-1.70395
2.83919
-2.29855
2.83919
2.37754
-2.77511
-0.0200175
-2.25467
-1.30391
0.0589309
-1.64464
1.56426
-1.47578
-2.39701
0.884847
-2.33637
-3.09447
1.69737
2.83919
3.42374
-1.4764
2.43099
-0.893241
-2.72942
0.884847
2.1632
-3.28861
0.855971
2.37754
-1.03589
2.37754
2.09249
-2.29855
2.1632
-1.4764
2.37754
-1.70395
3.42374
0.884847
-2.29855
-1.70395
-1.4764
1.25825
-1.4764
-2.77201
2.37754
3.42374
-3.28861
3.23266
0.655316
0.301022
3.42374
1.63059
1.00504
-0.757831
3.42374
1.56753
2.0606
-3.09447
-1.4764
3.01298
0.696591
-2.98074
-1.11395
-2.29855
-1.4764
3.42374
-1.11395
0.119373
1.56753
2.86877
2.65691
1.14456
-1.70395
3.23266
-2.33637
-2.29855
-1.4764
1.85661
-1.11395
3.42374
0.272322
-1.64464
-2.39701
3.42374
-0.168007
3.42374
-2.24759
-2.29855
2.32883
-3.28861
-1.64464
3.42374
3.42374
-2.29855
-1.30391
-2.05105
2.58822
-1.11395
-2.29855
2.00276
-0.298447
-1.4764
2.09249
1.49152
-2.29855
-2.29855
2.37028
2.09249
3.42374
3.42374
-2.61022
-2.77201
1.31558
-2.29855
2.37754
-0.528044
-3.28861
-1.4764
3.42374
3.42374
2.37754
2.37754
2.58822
1.63652
1.69281
-1.52756
-1.4764
3.42374
-1.4764
1.56753
0.0723027
-0.350603
-2.29855
3.42374
-1.4764
-0.749788
1.00504
-2.29855
-2.39701
-0.500685
1.06115
-3.28861
3.42374
-2.72942
-0.206197
2.43099
-2.29855
2.65691
3.23266
-2.39701
0.0589309
2.32883
0.567403
0.59565
0.855971
2.0606
-0.983717
-0.983717
-1.98225
1.80141
0.855971
-2.0806
-1.11395
3.42374
0.884847
-3.28861
0.884847
2.37754
-1.11395
3.42374
-2.29855
-2.04241
2.37754
3.42374
-1.11395
-2.29855
-1.64464
-0.5663
1.69281
1.56753
0.59565
0.59565
-2.29855
3.23266
-3.28861
-1.11395
-2.98074
-0.734918
1.00504
2.37754
3.42374
2.86877
-1.47578
3.42374
2.03208
2.83919
3.42374
-2.39701
1.9846
-0.0614219
0.426737
0.800639
-0.734918
3.42374
2.37754
1.69737
-1.98225
2.83919
-1.4764
0.503551
2.58822
-2.29855
2.83919
2.80147
-1.70395
-0.298447
2.83919
3.23266
3.42374
3.42374
3.01298
-2.29855
-1.64464
-3.09447
-2.29855
1.69737
1.69737
1.63059
3.01298
2.80147
2.58822
3.23266
3.42374
2.58822
0.0589309
-1.4764
3.42374
2.37754
-2.04241
3.42374
2.58822
-2.13535
1.63059
3.42374
-2.98074
-0.157618
0.375263
3.42374
-2.39701
-1.03589
0.0589309
-1.34522
2.83919
-0.0200175
1.63059
-2.39701
0.641427
0.59565
0.855971
-2.29855
-1.4764
0.0589309
-0.909358
-2.39701
1.9846
-3.09447
-1.70395
-2.39701
-2.39701
2.03208
0.33428
3.42374
-2.29855
-1.11395
-2.98074
-0.138412
0.855971
-2.72942
3.23266
1.85661
3.42374
3.42374
2.58822
-2.33637
-1.64464
0.884847
2.83919
3.42374
1.85661
0.59565
3.42374
3.42374
3.42374
3.42374
2.83919
-1.50707
-2.72942
1.80141
-1.81086
1.31558
-2.72942
3.01298
-0.206197
1.63059
3.42374
-2.29855
2.80147
-1.50707
-2.72942
3.42374
2.37754
2.09249
0.884847
0.959517
0.855971
-1.11395
1.56753
2.37754
1.85661
1.29403
0.884847
-3.28861
-0.924727
-2.39701
-1.70395
-3.28861
2.09249
2.58822
-0.350603
2.83919
3.42374
2.86877
3.42374
-1.4764
1.43326
-2.34494
2.83919
3.23266
1.69737
3.01298
0.884847
1.34804
-2.77201
0.100646
-3.28861
2.32883
2.83919
-1.64464
3.42374
3.42374
-1.50707
-1.29951
-0.689626
3.42374
3.23266
3.42374
1.69737
2.09249
-0.206197
-1.4764
1.62232
0.884847
3.42374
2.33985
3.01298
3.42374
0.567403
2.09249
-2.77201
3.42374
-0.0200175
-2.29855
3.23266
3.42374
1.77435
2.37754
-2.25467
-1.50707
2.32883
-1.4764
3.42374
3.42374
2.09249
-2.5572
-1.4764
-2.29855
0.884847
-0.157618
2.00891
-1.70395
-1.4315
3.01298
2.33985
2.37754
-1.50707
-2.39701
3.23266
1.63059
-1.4764
-2.39701
2.09249
1.02118
-2.77201
3.42374
-0.168007
-1.52756
3.42374
2.80147
-2.05105
2.37754
-3.09447
2.37754
2.32883
3.42374
2.37754
0.0589309
-1.11395
-2.98074
-0.689626
-2.24759
-1.34498
3.42374
-2.34494
0.0589309
3.42374
1.14456
-0.983717
3.42374
3.23266
2.37754
-1.64464
-2.98074
-0.0200175
-0.298447
-3.28861
2.58822
3.42374
-1.11395
3.42374
2.09249
2.09249
-1.93421
1.10799
3.01298
-1.11395
-2.72942
-1.47578
-1.98225
2.09249
2.37754
-1.70395
-0.168007
2.52604
-1.70395
-2.12582
-1.05543
2.0606
2.37754
-1.64464
-2.39701
3.42374
3.42374
2.37028
-0.0200175
2.83919
1.10799
-3.28861
-1.05543
2.83919
3.42374
-1.72162
0.301022
2.3052
-1.11395
-3.09447
-1.81086
-1.18323
0.567403
0.0589309
3.42374
0.59565
3.42374
3.42374
-2.39701
1.56753
3.01298
2.83919
1.08329
3.42374
3.01298
3.23266
-1.87255
2.32883
3.01298
2.09249
-1.4764
0.884847
3.42374
3.01298
1.69737
-2.29855
0.448807
3.42374
1.43326
-1.83864
-0.757831
-1.70395
0.33428
-1.50707
2.09249
0.0589309
3.42374
0.884847
2.09249
-0.298447
3.42374
3.42374
0.884847
1.56753
0.0723027
-0.168007
-0.298447
2.37754
-0.350603
3.42374
-0.757831
-1.45309
1.08733
0.59565
3.42374
0.224424
-2.39701
1.21756
-3.28861
-3.28861
3.42374
3.42374
3.42374
2.21632
-0.168007
-2.24759
3.42374
1.00504
-2.5572
-2.29855
-2.98074
0.0589309
2.09249
-0.878936
-2.3754
-2.39701
-1.76359
2.83919
-3.09447
3.42374
0.59565
-2.72942
3.42374
2.83919
1.14456
0.959517
-2.98074
3.42374
-2.25467
0.503551
0.884847
3.42374
-2.29855
2.58822
-1.4764
-2.77201
1.56753
2.37754
2.58822
-2.34494
-2.29855
2.80147
-1.70395
-3.28861
0.0589309
-2.39701
-1.47578
2.37754
-3.28861
-1.64464
-1.47578
-0.206197
-2.22536
-1.4764
3.23266
1.56753
2.83919
1.69737
3.42374
2.14249
3.42374
1.69281
2.6455
1.14456
-1.47578
-0.757831
0.855971
2.83919
0.448807
-0.298447
-1.03589
0.655316
-1.4764
0.884847
-1.45309
3.42374
-0.298447
1.08329
-3.09447
2.86877
2.58822
3.42374
2.58822
-2.72942
-2.3754
1.69737
2.1632
3.42374
0.800639
1.69737
3.42374
3.42374
1.00504
1.00504
-2.29855
3.42374
2.52604
-1.4764
2.43099
1.69281
-0.734918
2.09249
-2.77201
2.58822
-0.983717
-3.28861
2.37754
1.56426
3.42374
-2.22536
2.58822
2.1632
3.23266
3.42374
0.0589309
3.23266
-2.34494
3.42374
-2.39701
-2.22536
-1.83864
2.65691
-3.28861
0.119373
3.01298
-2.72942
0.567403
3.42374
-1.11395
-3.28861
0.0723027
-2.33637
2.80147
2.09249
3.42374
2.37754
2.80147
0.855971
0.884847
-2.29855
1.08733
-0.298447
2.58822
3.42374
2.00891
2.37754
2.0606
3.42374
-0.507578
3.42374
2.32883
1.00504
1.85661
2.37754
2.43099
-0.983717
0.448807
1.10799
-3.28861
-2.61022
-1.50707
3.42374
2.83919
-2.05105
-0.528044
0.655316
1.41883
3.42374
2.52604
-2.29855
0.301022
2.37028
0.0589309
3.01298
-1.47578
2.83919
1.69737
0.0589309
2.83919
-2.29855
0.884847
2.09249
-1.4764
-2.77201
3.42374
2.83919
0.855971
2.00276
-2.98074
0.0589309
0.0589309
-0.0200175
-1.64464
2.80147
0.0723027
2.37754
0.0589309
3.42374
1.56753
2.58822
-2.29855
-2.77511
-0.757831
2.83919
3.23266
-0.196917
-1.4764
-2.72942
2.37754
-1.4764
3.42374
1.41883
0.33428
0.33428
0.59565
1.08329
1.69281
1.56753
-1.70395
-1.98225
-2.61022
2.09249
-3.28861
3.42374
2.83919
0.884847
-3.09447
-2.77201
-3.28861
3.23266
-0.206197
-2.39701
2.37754
-2.39701
3.42374
1.35284
-2.12582
-2.29855
2.65691
2.37754
-1.4764
2.37754
2.83919
0.0589309
-2.39701
0.0589309
-2.25467
-0.689626
2.86877
3.42374
-2.25467
3.42374
1.75131
2.86877
2.58822
-3.28861
3.42374
-3.09447
-2.29855
0.0589309
3.42374
2.37754
-2.39701
0.0589309
3.42374
1.9846
2.3052
-1.11395
-1.11395
2.21632
2.58822
1.08733
-2.77201
-1.4764
2.86877
2.65691
2.37754
-0.0200175
-0.298447
-2.39701
2.37754
2.83919
1.8225
2.83919
-1.50707
-2.33637
-2.04241
3.42374
3.42374
2.09249
2.58822
1.63652
-1.50707
3.42374
-2.39701
-1.4764
1.35508
1.50322
-2.72942
0.884847
2.86877
0.884847
2.58822
1.56753
-1.4764
3.42374
-0.689626
3.42374
3.42374
3.42374
-0.298447
2.58822
3.42374
-3.09447
3.42374
2.09249
-0.507578
3.42374
3.42374
1.69737
2.58822
-2.29855
2.80147
3.42374
-1.1811
1.83432
-2.0806
-2.29855
2.86877
2.86877
2.80147
0.884847
-0.507578
-3.28861
3.42374
0.33428
0.696591
0.0589309
-0.157618
0.326468
-2.29855
2.83919
2.37754
-1.4764
-2.39701
3.42374
-0.689626
2.86877
3.42374
-2.72942
0.884847
2.0606
-3.28861
2.83919
-1.4764
3.42374
2.83919
1.33745
-1.50707
2.37754
-1.64464
-2.0806
-2.77511
-0.528044
2.58822
-1.4764
-1.52756
-3.28861
3.42374
-2.45892
3.42374
0.884847
3.42374
-0.924727
-1.4764
3.01298
1.69737
1.69737
-1.50707
2.65691
2.3052
-1.70395
-0.298447
2.37754
-2.61022
3.23266
2.37754
0.0589309
-0.174133
-0.757831
3.42374
-0.298447
2.3052
3.42374
-3.28861
-2.29855
-2.29855
-1.70395
-3.28861
-1.35788
3.23266
2.37754
2.80147
2.58822
1.49249
-1.64888
3.42374
0.448807
3.42374
3.42374
0.884847
3.42374
-2.77201
-2.25467
-0.286322
3.42374
-1.50707
0.820566
2.09249
-2.12582
2.83919
-2.33637
-3.09447
3.42374
-2.98074
3.42374
2.83919
2.32883
3.42374
-3.09447
-1.4764
-2.29855
2.6455
1.00504
1.9846
2.3052
3.01298
2.37754
3.23266
2.80147
2.58822
2.58822
3.42374
-0.298447
0.0589309
-2.77201
2.37754
0.918082
2.3052
2.80147
-2.5572
0.0589309
3.23266
2.03208
-2.29855
3.42374
3.42374
0.0589309
3.42374
0.855971
2.37754
-1.70395
3.42374
2.83919
-3.28861
1.9846
3.42374
0.800639
0.33428
-2.29855
3.42374
0.655316
3.42374
-2.72942
2.83919
3.42374
0.347194
-2.29855
2.03208
2.37754
-2.05105
2.37754
2.52604
-0.909358
1.14456
0.884847
-2.25467
3.42374
2.86877
1.63059
1.85661
2.37754
-0.0213242
-0.500685
-2.34494
-1.76359
2.0606
2.37754
-2.39701
-0.168007
0.0589309
3.42374
-1.11395
-2.33637
1.56753
2.83919
-2.29855
-3.28861
-2.61022
2.83919
2.83919
3.42374
-1.4764
3.42374
0.59565
1.34804
3.42374
2.58822
-2.72942
0.0589309
1.0498
2.21632
3.42374
-2.33637
-1.1924
3.42374
-0.298447
-2.61022
-2.33637
-0.298447
3.01298
3.42374
1.10799
1.34825
-0.298447
3.23266
0.0589309
1.69281
-2.77201
3.42374
3.23266
2.09249
-2.29855
-2.29855
2.09249
-2.04241
-3.28861
0.0226459
3.42374
0.884847
2.00276
-2.39701
1.69737
3.42374
3.23266
2.43099
-2.77201
2.80147
-1.76359
-1.70395
-2.29855
0.119373
2.86877
-1.70395
-2.25467
-2.29855
2.83919
-3.09447
-3.28861
1.63652
3.42374
2.58822
2.0606
-0.206197
2.83919
2.83919
1.8502
-0.757831
2.37754
-1.70395
0.33428
-2.29855
-2.29855
-3.28861
2.00276
2.37754
-0.730777
2.3052
-1.81086
2.09249
3.42374
-1.4764
2.65691
3.42374
3.01298
3.42374
-1.47578
3.42374
1.08733
0.59565
-3.28861
0.696591
2.3052
-0.0200175
2.37754
-0.528044
2.86877
-1.4764
1.80141
2.00276
3.42374
0.59565
-2.3754
3.42374
2.65691
2.37028
2.83919
2.09249
1.85661
-2.29855
3.01298
3.23266
3.42374
-2.29855
-0.0200175
-0.168007
0.884847
2.37754
-2.29855
3.23266
-0.5663
-0.298447
-1.93421
1.85661
1.83432
2.83919
2.80147
-1.4764
-3.28861
2.33985
0.0589309
-2.77511
-0.350603
3.42374
-2.29855
2.86877
-0.298447
-1.4764
3.42374
3.42374
3.01298
2.83919
3.01298
2.58822
1.69737
-2.77201
1.00504
3.42374
3.42374
-2.39701
2.86877
1.1573
2.58822
2.37754
2.37754
-3.28861
3.42374
-0.350603
2.37028
-2.29855
3.42374
-1.4764
-1.64464
2.83919
-0.393605
0.0589309
-2.77201
2.33985
2.09249
-3.28861
-1.70395
2.80147
3.01298
-2.29855
3.42374
-0.393605
2.37754
-1.11395
0.503551
-1.11395
-2.98074
1.85661
0.59565
2.43099
3.42374
2.58822
2.37754
-0.720557
0.0589309
1.63059
-2.98074
-2.39701
2.00276
-2.5572
3.01298
1.35508
-1.4764
-2.29855
-2.29855
3.42374
3.42374
2.58822
3.42374
0.855971
-1.11395
1.9846
3.42374
-1.4764
-1.47578
3.42374
-2.98074
-2.98074
2.32883
0.0589309
1.14456
0.0589309
2.43099
2.37028
1.14456
3.42374
3.42374
-2.29855
-1.50707
-2.3754
-1.05933
-2.22536
2.37754
3.23266
2.1632
-2.29855
1.08329
-1.98225
-1.11395
-3.28861
2.83919
0.079786
2.37754
1.50322
-2.29855
-2.24759
2.37028
-2.45892
-2.77511
2.83919
0.820566
-0.689626
3.42374
0.0589309
1.56753
2.09249
0.0589309
2.83919
0.59565
0.59565
-2.29855
3.42374
3.42374
-3.28861
-1.76359
0.591589
-1.4764
-0.298447
0.33428
-1.64888
0.855971
2.37754
-1.11395
3.23266
0.0589309
-0.983717
3.42374
0.375263
2.37754
2.80147
-0.298447
-2.39701
-0.757831
-2.12582
2.83919
1.69281
-2.33637
-2.77201
2.58822
1.00504
2.58822
3.42374
-1.64464
-2.29855
2.83919
-2.29855
3.42374
-2.29855
-2.29855
1.00504
3.42374
2.83919
2.37754
-0.973124
2.80147
2.80147
3.42374
2.58822
-2.29855
-1.70395
-1.4764
-2.29855
0.0589309
1.77435
2.37754
3.42374
3.42374
3.42374
3.23266
3.01298
3.42374
3.42374
-1.11395
2.09249
-0.298447
1.80141
-1.11395
-0.689626
1.69281
-2.39701
1.56753
0.0589309
1.46204
2.09249
2.80147
-2.29855
-0.298447
1.63059
0.884847
1.56753
2.37754
0.884847
3.42374
-2.77511
0.884847
3.42374
1.9846
1.56426
-1.68384
2.37754
2.65691
3.42374
1.56426
-2.98074
2.83919
-2.98074
3.42374
3.42374
2.09249
0.884847
-0.168007
-0.734918
3.42374
-2.77201
2.83919
-1.4764
-1.05543
3.23266
3.23266
0.855971
2.1632
2.83919
-1.50707
-2.29855
2.83919
-2.39701
1.25432
3.42374
2.37754
-1.34522
-2.29855
3.42374
1.14813
-1.32933
3.42374
1.00504
1.08329
-0.734918
2.83919
-1.17767
-1.11395
2.21632
2.3052
2.83919
-2.29855
2.83919
0.800639
0.679375
0.884847
-0.157618
3.42374
1.25825
-2.29855
-1.70395
-2.39701
-3.28861
0.0589309
-0.878936
-2.25467
-1.4764
-0.168007
-2.39701
0.884847
3.42374
0.59565
1.56753
2.1632
-1.70395
2.83919
3.42374
-2.33637
-1.4764
-3.28861
3.42374
1.85661
-1.70395
2.37754
3.23266
-1.11395
0.884847
-2.29855
2.65691
-0.0200175
-1.47578
2.0606
0.0589309
-2.22536
0.0589309
1.58386
3.01298
3.23266
0.426737
2.80147
1.63059
-3.28861
3.23266
1.15559
-1.4764
1.00504
1.56753
-1.19666
2.83919
-2.29855
2.83919
-2.04241
3.42374
3.42374
2.83919
-3.28861
2.83919
3.42374
1.55203
-1.87255
-0.734918
0.0589309
-0.734918
-1.58622
-2.29855
-2.77201
0.0589309
2.83919
2.52604
3.42374
-1.87255
-1.64464
3.42374
-2.77201
1.83432
-0.393605
-2.29855
3.42374
-2.29855
-2.39701
3.42374
0.119373
0.567403
2.80147
3.42374
2.00276
3.23266
2.00276
2.09249
2.80147
0.884847
3.42374
-2.29855
-0.734918
-1.70395
-2.39701
3.01298
3.42374
1.56753
-2.3754
0.959517
-3.28861
1.31558
0.855971
2.1632
3.42374
2.6455
0.884847
1.50322
2.65691
-1.83864
-2.29855
2.80147
3.42374
3.42374
2.3052
2.83919
2.83919
2.37754
-2.77201
-1.32576
3.42374
2.58822
0.855971
0.855971
2.80147
3.23266
3.23266
-2.98074
-0.689626
3.42374
3.42374
0.655316
-3.09447
1.63652
-1.68384
-2.04241
0.884847
-0.0200175
1.85661
3.01298
1.1573
1.64502
-0.168007
-3.28861
2.43099
-1.51511
2.37754
1.85661
-2.29855
1.85661
-2.5572
-0.757831
3.42374
0.59565
-2.77511
-2.29855
1.71694
0.59565
-0.924727
0.884847
-2.39701
-1.11395
-2.33637
-1.70395
0.959517
0.59565
1.63652
1.00504
1.09959
-1.4764
-2.77201
-1.20139
-2.29855
-2.29855
3.42374
-1.11395
-1.70395
2.37754
2.6455
-1.68384
-1.81086
2.58822
3.23266
0.855971
-2.29855
-2.33637
3.42374
2.37754
-2.29855
1.9846
-1.4764
-1.11395
3.42374
-1.93421
-0.0213242
-2.29855
3.42374
-1.4764
2.09249
-0.298447
-1.64464
-1.4764
0.855971
0.448807
-2.22536
-0.298447
2.37028
-0.757831
0.33428
-1.62484
2.32883
-2.72942
2.37754
3.23266
2.0606
0.33428
-2.98074
1.34804
3.23266
2.83919
2.58822
2.37754
2.86877
-1.4764
-1.18323
-1.36284
1.70322
0.59565
1.41883
2.83919
0.861202
-1.4764
1.63059
3.23266
-1.4764
2.37754
-2.04241
2.80147
-1.17532
-3.09447
-1.68384
-2.72942
0.503551
-2.61022
3.42374
1.63059
2.32883
2.0606
-1.64464
-1.87255
1.9846
3.01298
-1.76359
2.37754
-1.4764
0.655316
3.42374
2.32883
-1.34498
-2.0806
2.65691
-2.39701
3.42374
0.959517
-1.4764
3.42374
0.884847
2.37028
3.42374
-2.29855
3.01298
-2.33637
-3.28861
0.0589309
-0.983717
3.42374
0.655316
2.86877
0.884847
-2.61022
-1.70395
-3.28861
2.83919
-2.39701
2.14249
2.37754
0.884847
3.42374
2.58822
-2.24759
3.42374
2.37754
-1.45309
-2.12582
-1.04619
-2.33637
3.42374
0.884847
1.08329
-2.25467
1.35508
-2.29855
2.83919
1.9846
-2.72942
2.65691
0.0589309
1.56753
3.42374
-2.29855
-0.757831
3.42374
-1.4764
-1.11395
3.23266
1.00504
-3.28861
2.83919
2.37754
2.0606
1.55203
-3.09447
1.41883
-0.749788
2.58822
2.37754
-1.98225
2.52604
1.85661
2.09249
-1.68384
3.23266
-2.29855
-2.29855
3.42374
-2.39701
-1.83864
2.37754
0.0589309
-1.70395
3.42374
-1.64464
3.23266
-2.39701
-1.05543
1.08329
3.42374
-2.13535
-3.28861
-2.29855
3.42374
2.83919
0.884847
0.0589309
3.42374
1.80141
1.80141
-1.93421
-2.77511
1.46204
-2.29855
-1.70395
2.80147
1.08329
0.884847
-2.29855
2.14249
2.6455
-3.28861
0.855971
2.00276
3.42374
3.42374
0.855971
1.85661
-3.28861
-2.39701
-2.39701
-1.4764
-3.28861
2.83919
2.58822
2.09249
3.23266
2.37754
1.56753
-2.29855
0.0589309
3.42374
0.0723027
0.59565
3.42374
2.09249
3.23266
0.884847
-2.34494
-2.98074
-2.98074
0.301022
0.0589309
-2.04241
3.42374
-1.88197
1.80141
3.42374
1.85661
-2.39701
2.80147
3.23266
-0.507578
2.37028
-2.98074
-0.206197
0.855971
-2.39701
3.42374
-0.757831
2.83919
3.42374
2.83919
2.58822
1.49152
2.83919
0.884847
-1.11395
-1.4764
2.09249
2.52604
-0.909358
3.42374
2.37754
3.23266
-2.29855
-0.168007
1.00504
2.37754
-2.29855
-1.70395
0.667324
3.42374
-1.70395
-2.13535
0.0589309
2.37754
2.33985
1.56753
-0.720557
-2.61022
0.59565
3.23266
3.42374
1.85661
-1.34498
-0.298447
-1.51511
3.42374
3.42374
0.59565
0.855971
2.58822
0.503551
2.86877
-2.29855
-0.757831
0.0226459
-1.81086
-2.04241
3.42374
2.37754
-0.298447
3.42374
3.23266
-2.39701
-1.4764
3.42374
3.01298
1.21756
2.83919
0.855971
2.83919
3.42374
-0.901143
3.42374
2.37028
2.80147
1.70322
1.0498
1.08734
-2.29855
3.42374
-3.28861
-1.11395
2.1632
-1.32933
0.0589309
3.42374
2.37754
-0.174133
-2.61022
3.42374
3.42374
-0.909358
2.09249
0.855971
2.86877
1.05307
3.42374
1.06115
2.83919
1.18834
-1.52756
3.42374
-2.61022
2.37754
0.0589309
3.42374
-1.70395
-0.168007
3.42374
-3.28861
-2.29855
-2.25467
0.59565
3.42374
0.59565
3.42374
-1.34498
3.42374
1.10799
-2.29855
3.23266
-2.72942
2.37754
-0.168007
3.23266
1.70322
0.884847
-0.298447
3.42374
2.37754
-0.757831
-2.72942
2.83919
1.22689
-1.47578
-0.168007
2.37754
1.77435
3.42374
2.37754
1.85661
1.34825
3.42374
3.42374
-3.09447
-0.298447
2.37754
3.42374
3.42374
3.42374
2.1632
-1.05543
0.884847
3.42374
-0.734918
2.37754
-0.0200175
2.83919
1.80141
0.0589309
3.42374
-1.14339
2.37028
-0.5663
1.0498
2.58822
2.6455
1.63059
2.37754
-3.09447
0.448807
0.0589309
0.718221
-2.39701
2.83919
2.37754
-3.09447
3.42374
-1.81086
-2.29855
-2.29855
3.42374
2.83919
0.591589
2.86877
3.42374
-1.47578
2.86877
0.0589309
0.855971
1.69737
3.42374
-1.4764
-0.350603
-1.70395
2.83919
3.42374
-2.3754
-1.11395
2.65691
2.83919
-2.39701
2.00276
3.42374
0.855971
2.3052
-3.28861
-3.28861
-1.47578
2.58822
-2.77511
0.0589309
-1.52756
1.69281
3.42374
2.83919
-3.28861
1.00504
-0.5663
-1.04308
3.42374
-1.4764
2.37754
3.42374
-2.77201
-3.28861
3.23266
0.884847
2.83919
-2.98074
-3.28861
3.23266
0.0589309
-2.77201
-2.77511
-1.4764
-2.98074
-1.70395
2.83919
-1.64464
-1.4764
-0.350603
2.80147
3.01298
-3.28861
-2.29855
3.42374
-2.29855
0.448807
2.37754
-2.39701
3.42374
1.00504
-0.206197
2.83919
-0.983717
1.00504
-0.734918
3.42374
3.42374
-1.98225
-0.757831
3.42374
3.42374
3.42374
0.39131
3.23266
2.83919
3.42374
2.83919
0.855971
2.3052
1.71694
-2.29855
2.00891
3.42374
-2.29855
3.42374
0.855971
3.42374
2.00276
-1.98225
1.08329
2.32883
-0.168007
-1.4764
-2.04241
3.42374
3.42374
0.855971
3.01298
3.42374
-0.0200175
2.32883
-2.39701
1.63059
-0.298447
-2.25467
-2.5572
-1.50707
3.42374
0.33428
-0.528044
-2.22536
3.42374
3.42374
-3.28861
-2.29855
2.83919
-0.206197
2.37754
-0.298447
-2.29855
-2.72942
2.37754
0.855971
-2.39701
-0.0614219
-3.09447
-0.734918
-1.42795
-0.298447
-0.808259
0.33428
2.00276
2.83919
-0.298447
-2.29855
-1.25767
3.42374
-1.57922
1.00504
1.80141
3.42374
-2.29855
3.42374
-3.28861
-0.5663
1.55203
2.83919
1.69281
0.33428
-1.4764
3.42374
-1.93352
2.83919
-2.29855
-2.33637
-1.4764
2.83919
-1.70395
2.37754
-1.4764
2.37028
-3.28861
-2.25467
-2.24759
2.58822
0.884847
2.80147
-2.29855
0.855971
2.58822
2.83919
0.820566
2.83919
-3.28861
-1.50707
-1.4764
1.83432
2.14249
-1.4764
-1.81086
0.884847
1.9846
3.42374
3.42374
-2.61022
-2.77201
2.83919
-2.05105
1.56753
-2.29855
-1.98225
2.37754
2.83919
-1.4764
-1.50707
3.42374
-2.39701
-1.50707
-2.72942
2.52604
3.42374
-2.98074
3.42374
3.42374
1.10799
2.83919
-2.39701
-1.4764
1.10799
2.37754
-1.11395
2.32883
-2.72942
2.83919
-2.77201
-1.4764
0.696591
-1.4764
-3.28861
-3.09447
2.58822
2.3052
1.08329
2.09249
-1.70395
2.65691
1.70322
-3.28861
-0.475215
-3.09447
3.42374
-0.878936
1.69737
3.23266
-1.4764
0.272322
3.42374
-1.70395
-0.734918
0.430599
3.42374
0.0589309
-1.11395
-2.39701
-1.70395
-2.39701
3.01298
-1.93352
3.42374
2.65691
-2.29855
2.37754
0.884847
-0.410028
2.86877
-2.13535
3.42374
3.23266
0.696591
3.42374
3.42374
1.85661
-1.05933
-1.98225
-2.29855
-3.09447
1.77435
3.42374
2.37754
2.21632
3.42374
-0.298447
3.42374
-2.25467
-2.39701
2.37754
-3.09447
0.567403
3.42374
2.52604
3.42374
3.42374
-0.350603
-0.734918
2.58822
-2.29855
-1.45309
-2.39701
0.855971
2.37028
3.42374
2.37754
0.0589309
0.0589309
-1.4764
3.01298
2.43099
0.0589309
3.42374
2.33985
2.1632
3.42374
-1.4764
2.37754
2.09249
0.33428
2.83919
-1.52756
3.42374
0.0589309
-1.4764
3.42374
2.83919
-1.4764
2.86877
3.23266
0.0589309
-2.39701
2.58822
2.0606
2.83919
3.42374
-0.983717
-3.28861
-2.04241
-1.52756
3.42374
2.14249
2.09249
2.83919
1.19452
-2.3754
3.42374
3.23266
-0.0200175
-3.28861
3.42374
1.85661
2.58822
-2.77201
-1.4764
3.42374
-2.39701
-0.757831
1.85661
-3.09447
-0.528044
-1.11395
0.855971
-2.25467
-0.757831
-0.0200175
0.884847
2.52604
-2.34494
2.83919
-2.29855
2.37754
0.884847
3.23266
-1.4764
0.0723027
-2.13535
-1.4764
-1.18323
1.63652
3.42374
-1.4764
2.09249
-2.39701
0.884847
0.0589309
-0.0200175
-3.09447
-0.983717
-2.3754
0.884847
3.42374
0.855971
-1.4764
0.347194
-3.09447
3.42374
-0.549611
1.63059
3.42374
-0.298447
-2.29855
1.08329
1.08733
3.42374
-1.34498
2.83919
3.42374
2.80147
2.37754
-0.374834
-0.757831
-2.04241
0.884847
-3.09447
2.09249
0.0589309
1.69737
3.42374
2.80147
3.42374
3.42374
-2.39701
3.42374
-1.70395
3.42374
-2.29855
1.46204
3.42374
-0.757831
0.566019
3.42374
0.884847
3.42374
0.0589309
-1.4764
2.65691
0.0589309
-0.528044
0.884847
2.37028
-0.757831
-1.50707
-1.11395
-1.70395
2.37754
2.37754
2.83919
-1.35111
3.01298
0.301022
3.42374
2.1632
1.35284
0.884847
-1.4764
2.37754
-1.70395
-1.68384
-1.4764
-2.39701
-0.749788
1.50322
2.09249
-0.528044
-2.72942
1.56753
1.85661
0.855971
2.32883
-1.4764
0.0723027
-0.757831
1.41883
2.09249
0.855971
1.63652
-1.34498
0.0589309
-2.29855
2.03208
2.1632
0.884847
1.63059
-0.157618
-1.11395
3.42374
1.1198
3.42374
3.23266
-1.47578
2.83919
1.85661
3.23266
0.855971
-1.70395
2.37754
3.23266
2.83919
-1.4764
1.85661
3.42374
-1.64464
-1.57922
-1.4764
2.0606
-0.909358
2.83919
0.0589309
-2.29855
-0.168007
-1.70395
-3.28861
-2.61022
-0.298447
-1.45309
0.0589309
0.59565
2.37754
0.0589309
0.884847
0.884847
3.42374
3.23266
2.83919
-2.22536
0.855971
-1.58622
2.3052
-0.298447
3.42374
2.43099
-1.58622
-2.29855
-0.689626
1.41883
2.58822
-2.39701
-1.4764
-0.924727
2.32883
-2.29855
3.42374
-1.21966
-1.4764
2.58822
-0.734918
2.83919
-0.298447
3.42374
-2.29855
-3.28861
2.37754
-2.29855
-2.12582
-2.29855
1.69737
-1.57922
3.42374
-1.18323
3.42374
-1.11395
2.83919
-2.29855
1.14813
3.42374
2.32883
3.42374
-1.70395
3.42374
-2.77201
2.37754
2.37754
-1.4764
-3.09447
0.567403
-1.76359
-1.98225
3.42374
2.09249
-2.25467
-3.28861
3.23266
2.32883
0.884847
-2.29855
3.42374
-3.28861
2.37754
2.33985
-3.28861
2.83919
-2.29855
2.52604
3.42374
-2.29855
0.855971
3.42374
3.42374
0.884847
-2.29855
-2.29855
-1.4764
-1.02454
2.83919
3.42374
1.54543
2.83919
3.42374
1.85661
1.9846
3.42374
2.32883
-1.4764
-0.909358
2.65691
1.56753
-1.4764
-0.507578
-0.757831
2.37754
3.42374
-2.29855
1.08329
-0.286322
3.23266
-2.77201
-2.29855
-0.298447
-3.09447
-0.298447
0.959517
1.77435
-2.77201
-1.4764
2.86877
-1.05543
3.01298
-2.29855
2.43099
1.08329
-1.88197
3.42374
-2.39701
0.426737
1.71694
-3.28861
-2.5572
-2.25467
2.43099
2.58822
0.884847
1.56753
3.42374
3.23266
2.37754
-0.350603
2.37754
-3.28861
-1.47578
-1.4764
2.65691
2.86877
2.80147
3.42374
2.83919
3.42374
-0.168007
0.59565
0.884847
-2.29855
-1.4764
3.42374
-2.29855
1.00504
1.69281
-1.11395
1.75131
2.52604
1.9846
3.23266
2.3052
3.42374
1.50322
-2.39701
-1.4764
2.09249
3.42374
0.33428
2.58822
1.69737
0.820566
2.09249
3.42374
3.42374
-1.52756
-1.05933
1.14456
3.42374
-1.4764
-2.24759
2.52604
0.0589309
2.37754
-2.39701
3.42374
2.37754
3.42374
3.42374
1.83432
-1.70395
-1.4764
3.42374
1.69281
3.42374
3.23266
2.58822
3.42374
-2.22536
3.42374
2.37754
-1.45309
-0.924727
2.37754
0.884847
2.37754
0.236162
-1.98225
1.69737
-3.09447
0.884847
-1.34498
-1.11395
0.855971
3.42374
-2.61022
-1.4764
-2.39701
-1.70395
3.23266
-1.11395
1.77435
3.23266
-3.28861
0.884847
3.42374
1.14813
-1.4764
3.42374
1.56426
3.42374
2.86877
1.11209
-1.4764
-1.05543
2.37754
2.37754
3.01298
-2.29855
-2.72942
-2.29855
2.37028
-1.93421
-1.4764
-2.25467
-2.72942
-0.298447
1.8225
-2.25467
1.35284
0.0589309
1.14456
2.37754
-2.33637
0.884847
-2.39701
1.19452
2.3052
3.23266
-2.45892
3.01298
1.80141
3.42374
1.56753
-1.11395
-1.50707
2.83919
1.9645
3.42374
-2.39701
0.855971
0.33428
-0.298447
-0.298447
-1.4764
2.83919
-2.72942
1.49249
-2.29855
2.32883
-0.168007
2.37754
1.63652
-2.3754
0.59565
2.32883
2.65691
-1.70395
-3.28861
2.83919
2.65691
3.42374
-2.39701
2.58822
-1.70395
0.884847
3.42374
2.83919
-1.93352
2.83919
3.01298
-0.298447
2.52604
-2.0806
0.33428
2.37754
0.884847
-1.64464
2.83919
-2.33637
-1.4764
-1.64464
-1.4764
2.09249
-2.39701
1.56753
1.63059
1.56753
0.0589309
0.884847
-2.29855
-2.34494
-0.298447
-1.4315
-2.39701
0.59565
-2.22536
1.56753
-0.350603
0.0589309
-1.52756
-0.298447
-2.25467
-0.983717
-0.734918
-2.29855
2.00276
-0.161601
-1.4764
2.83919
-1.4764
-3.09447
0.884847
1.22801
-1.70395
-2.13535
-0.298447
-2.39701
-1.4764
3.42374
1.56753
2.09249
-0.298447
-0.5663
3.42374
-1.70395
3.42374
3.42374
-2.61022
0.347194
0.884847
3.42374
2.09249
-2.29855
-0.196917
3.01298
-2.22536
1.08329
2.3052
-2.25467
-2.29855
1.50322
-1.4764
1.9846
-2.0806
0.884847
-1.2713
2.86877
2.58822
0.0589309
-2.29855
-2.98074
-2.3754
-0.298447
-1.4764
-1.81647
-1.70395
2.37754
1.85661
0.0589309
3.23266
-1.93421
0.0589309
0.079786
0.33428
0.100646
-1.70395
3.42374
2.83919
2.80147
-3.28861
2.80147
2.37754
2.65691
3.42374
-3.28861
2.33985
-2.33637
-3.28861
0.884847
3.42374
1.75131
2.58822
-2.34494
-2.39701
3.42374
2.37754
3.42374
-3.28861
3.42374
3.42374
0.33428
-2.24759
2.37754
1.63652
-0.734918
1.14813
2.21632
-1.4764
3.23266
2.83919
-1.4764
-2.39701
-1.50707
3.42374
2.37754
-0.937504
2.83919
-1.36284
2.58822
3.42374
1.70322
-2.25467
2.37754
2.52604
-1.05543
2.43099
2.43099
1.50322
-2.34494
-1.4764
-2.39701
-1.50707
2.80147
1.56753
-0.878936
2.21632
0.820566
-1.98225
0.861202
-2.29855
2.6455
2.37754
-2.45892
3.42374
1.41883
0.855971
-2.29855
1.9846
-1.58942
2.1632
3.42374
-1.70395
-1.4764
-1.11395
-1.18323
0.0589309
2.58822
-3.28861
0.426737
-2.98074
0.884847
-3.28861
2.52604
2.80147
1.55203
0.0589309
1.35508
-1.34498
2.6455
3.42374
3.42374
1.58386
-1.11395
-2.72942
3.42374
1.80141
2.83919
2.58822
2.83919
1.69737
0.59565
1.06115
2.09249
-0.298447
-1.4764
-1.4764
-2.39701
0.974116
2.37754
0.667324
-0.500685
1.56753
-3.28861
2.00276
-2.29855
0.884847
1.14813
1.80141
-1.4764
3.42374
1.55203
-2.33637
-1.70395
0.884847
-1.64464
2.37754
-3.28861
-2.72942
-0.5663
-2.39701
2.3052
2.58822
-2.72942
-3.28861
-3.28861
3.42374
-2.39701
2.86877
0.119373
1.56753
2.83919
3.42374
3.42374
1.85661
-2.77201
0.999931
-0.298447
-1.81086
3.42374
1.63652
0.448807
3.42374
2.37754
3.23266
-2.29855
-2.29855
-1.4764
3.42374
3.42374
2.37754
-3.28861
2.83919
3.42374
2.37754
2.86877
0.884847
1.80141
2.09249
3.42374
2.83919
2.32883
2.6455
3.42374
2.00276
1.22801
-1.47578
-1.4764
2.83919
3.42374
-2.72942
3.42374
3.42374
2.37754
3.23266
2.80147
-1.93352
2.80147
-1.83864
1.46204
-1.68384
2.37754
1.69737
-3.28861
3.42374
-2.29855
-2.33637
-2.29855
2.37754
0.33428
3.23266
-2.04241
-1.64464
0.0589309
2.83919
3.01298
3.01298
2.37028
3.42374
2.37754
3.42374
2.00276
1.80141
2.86877
1.85661
3.23266
2.32883
0.696591
2.83919
-2.29855
-1.34498
1.56753
2.83919
0.39131
3.42374
0.855971
0.884847
3.42374
2.83919
0.696591
1.85661
-1.70395
3.42374
2.09249
3.42374
3.01298
-3.28861
2.09249
-2.29855
3.42374
-1.11395
1.71694
1.31558
1.41883
3.42374
2.00276
0.17443
-1.4764
3.42374
-2.0806
-1.4764
3.01298
0.59565
0.59565
3.23266
-1.11395
-2.77201
3.42374
1.14813
-3.28861
0.884847
0.567403
0.503551
3.42374
-2.24759
2.83919
-1.47578
2.58822
2.32883
1.56753
-3.28861
2.37754
1.56753
2.32883
2.83919
-0.168007
2.3052
-1.76359
2.86877
-2.25467
-2.72942
2.1632
0.884847
3.42374
-1.4764
-0.878936
-2.3754
-1.98225
2.37754
-2.29855
-2.22536
3.42374
-2.72942
3.23266
-2.29855
-2.04241
2.37754
2.83919
3.23266
3.23266
1.63652
-2.45892
-1.64464
0.884847
-2.33637
2.00276
1.56753
3.42374
2.83919
3.42374
-1.11395
2.80147
2.58822
3.42374
2.83919
-2.77201
0.927373
0.39131
2.21632
3.42374
3.01298
-0.168007
0.0589309
2.37754
0.884847
1.56753
-0.751012
-2.05105
0.0589309
-2.29855
0.884847
0.0723027
-1.88197
-1.70395
-2.29855
0.884847
-3.09447
-2.25467
-1.4764
1.85661
1.00504
-1.11395
2.37754
3.01298
2.83919
-2.72942
-2.29855
1.14456
3.42374
1.80141
3.42374
-0.206197
1.00504
3.42374
-2.29855
3.42374
-2.77511
-1.11395
3.42374
3.42374
2.65691
3.42374
2.37754
-2.34494
-0.298447
3.01298
-2.77201
2.09249
2.80147
3.01298
1.14456
2.32883
1.10799
1.58386
-2.61022
0.800639
1.19452
-2.77511
0.0589309
-0.298447
-1.93421
2.37754
3.23266
2.83919
-2.29855
-2.29855
-1.64464
3.42374
0.59565
3.23266
-2.29855
2.80147
2.65691
-2.98074
-2.5572
2.43099
2.3052
1.10799
-1.05543
2.37754
-2.77201
2.09249
-0.983717
-3.09447
1.63652
2.83919
1.08329
1.63059
-0.734918
3.42374
3.42374
-1.50707
-0.0213242
0.696591
-1.58622
1.56753
-1.58942
-1.70395
0.0589309
-2.61022
2.86877
-0.909358
2.37028
-2.39701
0.981285
-2.29855
2.52604
-3.28861
3.42374
3.42374
1.85661
2.83919
-1.81086
-2.29855
3.42374
0.0589309
0.347194
0.0589309
-1.70395
0.567403
-1.34498
-2.72942
-2.29855
-1.4764
1.56753
-3.09447
3.42374
-1.70395
3.42374
-1.4764
2.6455
1.56753
-2.29855
-3.28861
1.85661
3.42374
-0.909358
3.42374
3.42374
-1.11395
2.37754
1.80141
-0.393605
-2.98074
3.42374
2.37754
3.42374
3.42374
3.42374
2.83919
-0.5663
0.89197
0.884847
2.37028
2.83919
-1.47578
2.43099
-0.168007
1.8502
0.301022
3.23266
-3.28861
2.65691
2.80147
3.23266
2.37754
3.42374
2.83919
0.0589309
-3.09447
-2.25467
-2.24759
2.37754
2.83919
-1.70395
-1.47578
3.42374
2.09249
-3.28861
1.08329
-0.757831
-2.29855
2.58822
1.21756
1.41883
2.09249
1.50322
-1.58622
2.58822
1.63059
-2.29855
3.23266
3.01298
3.42374
-0.374834
2.83919
3.23266
2.86877
2.6455
2.83919
-0.983717
-1.4764
-2.29855
3.42374
-3.09447
1.14456
3.42374
2.32883
-1.4764
0.855971
1.85661
-2.29855
-2.77511
0.884847
1.08329
-0.528044
3.23266
1.41883
0.884847
0.179107
2.58822
3.01298
1.69281
1.56753
-0.298447
0.959517
3.42374
2.83919
-1.4764
2.43099
-1.40056
3.23266
2.37754
-0.168007
0.0589309
0.696591
2.43099
2.83919
3.42374
0.884847
2.37754
3.42374
3.42374
-1.32933
0.884847
0.0589309
-1.4764
3.42374
-1.98225
2.83919
2.86877
3.42374
-2.61022
0.884847
0.884847
-1.4764
3.23266
2.00891
2.1632
0.884847
1.56753
1.85661
-3.09447
-2.29855
-0.298447
3.42374
1.14813
2.65691
1.14456
1.43326
0.884847
-1.58622
1.35284
2.83919
3.23266
3.01298
0.696591
3.42374
-2.34494
1.85661
0.884847
3.42374
0.426737
2.52604
-3.09447
2.09249
3.42374
-1.34522
3.42374
0.0589309
1.00504
2.80147
0.59565
3.23266
-2.29855
2.32883
0.0589309
-2.29855
-2.39701
-2.77201
2.37754
-1.4764
1.10799
2.1632
2.83919
-2.29855
-1.4764
-1.52756
2.37028
-2.29855
1.69737
2.80147
1.55203
0.855971
3.42374
2.80147
2.58822
-2.24759
-0.757831
2.83919
1.49152
-0.350603
3.23266
1.63652
-2.12582
0.884847
-1.50707
1.08329
2.6455
1.62232
2.37754
1.70322
-1.98225
2.37754
2.83919
3.42374
0.0589309
-1.81647
-0.196917
-1.76359
-0.5663
-1.11395
0.855971
1.10799
2.1632
-3.09447
1.00504
3.42374
-3.28861
-2.29855
2.83919
3.42374
2.09249
-3.28861
3.23266
2.37754
0.884847
-1.81647
0.448807
2.80147
-0.174133
-2.39701
-0.298447
-0.206197
3.23266
0.0589309
3.01298
-3.28861
2.32883
1.10799
2.37754
-1.11395
1.9645
0.503551
3.42374
-2.29855
0.503551
-1.98225
-2.77511
2.58822
-2.39701
-2.77511
-3.28861
1.80141
1.63652
-0.878936
2.83919
3.23266
3.42374
0.0589309
2.33985
-2.34494
-2.39701
-1.45309
-2.04241
1.85661
-3.28861
2.83919
2.37754
3.42374
3.23266
3.42374
-1.4764
3.42374
3.42374
-2.39701
3.42374
-2.29855
-2.25467
-0.5663
-1.38147
-0.298447
3.42374
1.56753
1.77435
3.42374
-2.5572
-2.72942
3.42374
3.01298
-1.70395
-3.28861
-3.28861
2.52604
2.37754
0.079786
3.42374
0.0589309
-2.5572
2.6455
1.85661
0.884847
-2.77201
-2.22536
0.855971
-2.61022
3.42374
2.37754
-0.393605
1.56753
2.0606
-1.4764
1.50641
3.42374
-2.98074
-1.98225
1.56426
3.23266
0.884847
-1.70395
-1.4764
0.884847
-2.29855
-0.0200175
-0.168007
-2.29855
2.37754
-1.18323
-2.61022
2.00276
2.37754
2.83919
2.80147
3.23266
3.42374
-0.206197
0.884847
2.37754
-2.34494
-1.52756
1.08329
1.22801
-0.689626
-1.4764
2.86877
0.884847
1.14456
-2.29855
-2.77511
2.83919
3.42374
0.59565
1.56753
3.01298
2.37754
-2.77511
0.884847
2.37754
2.65691
3.42374
3.42374
-2.61022
-0.161601
2.86877
1.64502
2.83919
3.42374
-2.77201
2.3052
3.42374
-2.72942
-2.39701
-1.47578
-0.757831
-1.70395
-2.39701
0.959517
1.05307
2.3052
-0.298447
0.696591
-1.18323
-2.77201
-2.77201
-0.0200175
-0.909358
2.83919
-2.39701
3.42374
-2.29855
1.19452
2.83919
3.42374
-2.3754
1.08329
-0.157618
0.0589309
-0.734918
-2.25467
1.14813
1.41883
-2.04241
-0.0614219
-2.29855
-1.11395
2.37754
2.0606
-1.45309
3.23266
-2.39701
-1.4764
-1.4764
0.884847
1.56753
-2.29855
2.00276
-1.34498
1.14456
2.86877
2.83919
2.80147
-1.4764
-1.4764
-1.98225
3.42374
-1.50707
-3.28861
3.42374
2.58822
-2.3754
1.56753
2.37754
3.42374
2.58822
3.42374
2.83919
0.884847
-2.29855
-0.909358
1.69737
-0.168007
-3.09447
-1.34498
2.33985
2.83919
2.83919
2.09249
0.0589309
2.37754
-1.98225
3.23266
-1.4764
2.58822
3.42374
2.09249
-1.58942
1.56753
3.42374
-2.39701
2.83919
-1.03372
1.08329
-1.11395
0.0589309
3.42374
2.83919
2.52604
1.58386
-2.29855
2.83919
-1.4315
2.3052
2.37754
3.23266
-1.70395
-2.0806
0.884847
-2.25467
2.6455
-1.4764
-2.29855
-2.39701
1.83432
0.448807
-2.29855
-0.298447
3.42374
-3.28861
0.944177
3.42374
2.83919
-2.29855
2.52604
2.83919
0.0589309
-0.983717
2.00276
2.52604
-1.32933
-0.689626
-2.39701
2.09249
2.80147
-0.300773
0.0589309
-2.22536
-1.70395
-3.28861
0.0723027
3.42374
-2.77201
-1.47578
2.37754
-0.528044
3.42374
2.65691
2.52604
-1.4764
-2.04241
3.42374
0.33428
3.42374
-2.39701
1.85661
3.42374
2.37028
-0.298447
-1.70395
2.37754
3.42374
-2.45892
-1.4764
1.75131
2.83919
-2.29855
3.23266
-2.39701
-1.52756
2.37754
2.86877
2.80147
-0.983717
3.42374
-1.05543
-2.98074
-2.25467
0.855971
-0.757831
-2.29855
2.33985
2.37754
2.00276
3.23266
3.42374
2.58822
3.23266
2.83919
-3.28861
0.33428
-0.298447
3.23266
2.33985
-2.45892
-2.77511
2.6455
0.567403
0.855971
2.83919
2.03208
2.83919
0.100646
0.0589309
-0.757831
3.42374
2.00891
0.855971
2.1632
0.0589309
3.42374
-1.52756
2.83919
3.42374
-2.25467
-1.11395
2.83919
1.69281
-0.0200175
2.09249
-0.734918
-0.157618
-1.38147
2.83919
3.23266
-0.286322
2.21632
-2.29855
-1.4764
0.999931
-0.168007
-0.168007
-1.93421
0.59565
3.42374
-1.4764
-1.12377
-1.34498
-3.28861
0.0589309
1.85661
-1.4764
-2.45892
-1.4764
0.884847
-2.29855
-1.87255
2.37754
-2.13535
3.42374
2.09249
2.37028
-1.47578
-1.4764
3.42374
-0.157618
0.0589309
2.37754
-2.05105
-0.168007
3.23266
-3.28861
-1.11395
0.884847
-0.571676
2.37754
2.09249
2.33985
2.83919
3.42374
2.37754
0.884847
-1.04308
1.10799
1.56753
3.42374
2.83919
1.80141
2.00276
0.0976904
1.50641
0.884847
0.884847
0.855971
-0.168007
-0.983717
-1.4315
-2.04241
2.83919
3.42374
1.49152
-1.11395
3.42374
3.42374
-2.25467
2.3052
-1.4764
2.80147
1.34804
-1.58622
-2.98074
-2.29855
2.37028
1.41883
3.01298
3.01298
3.42374
0.641427
-2.29855
3.42374
0.59565
0.448807
-0.393605
-0.298447
-2.0806
0.655316
2.37754
2.37754
-1.64464
3.23266
-2.25467
3.42374
2.65691
0.855971
0.855971
-2.29855
2.6455
0.884847
-0.507578
-0.298447
-0.0200175
-3.28861
2.58822
3.42374
-2.39701
-2.39701
-1.98225
2.09249
-3.09447
3.42374
1.00504
3.42374
1.08734
0.0589309
2.00891
0.59565
-1.70395
1.8225
3.42374
2.80147
3.42374
-0.528044
2.80147
1.08329
0.59565
0.0589309
3.42374
1.9846
0.884847
2.0606
-2.33637
0.884847
-2.77201
2.83919
-1.64888
2.37754
-0.350603
-2.29855
-2.29855
3.42374
-3.09447
3.42374
-2.45892
1.10799
3.42374
3.42374
2.83919
-0.734918
-1.64464
3.42374
-1.4764
2.37754
-2.29855
2.80147
-0.0200175
1.14456
-3.09447
-2.29855
-1.4764
-3.09447
0.855971
-1.11395
2.58822
3.42374
2.83919
-3.28861
3.42374
-0.298447
-2.77201
2.37754
-1.4764
-2.04241
-0.757831
3.42374
3.42374
3.42374
2.83919
-3.28861
3.23266
0.884847
-1.64464
0.884847
2.09249
2.83919
2.83919
-1.88197
0.884847
-3.09447
0.855971
-2.29855
0.794954
-1.2713
-0.924727
3.42374
2.80147
-3.28861
2.86877
-3.28861
2.83919
-2.98074
-0.298447
-2.98074
3.42374
2.86877
3.23266
-0.206197
3.23266
-1.76359
1.10799
2.1632
2.65691
1.56753
-0.0200175
3.42374
-1.70395
0.850176
-1.45309
1.85661
3.42374
1.34825
2.0606
3.42374
1.69737
2.65691
-1.4764
1.56753
0.0589309
-2.3754
-3.28861
3.01298
0.59565
0.503551
-2.33637
-2.29855
-0.757831
-2.39701
-0.168007
2.0606
0.59565
2.09249
2.37754
3.23266
-2.24759
3.23266
2.83919
2.3052
-1.4764
1.70322
2.37754
2.58822
3.01298
-0.983717
2.52604
-3.09447
1.00504
2.83919
-0.983717
-2.77201
3.23266
2.09249
0.59565
2.83919
0.33428
3.42374
2.83919
2.52604
2.37754
2.37754
3.23266
2.86877
2.33985
2.37754
-0.0200175
-3.28861
1.08329
0.0589309
-1.47578
-3.28861
-3.28861
-1.4764
2.37754
0.855971
-3.09447
3.42374
-2.29855
3.42374
1.56753
-3.28861
-2.29855
-1.76359
1.8502
0.855971
-3.09447
0.0589309
2.37754
1.69281
1.80141
1.08329
0.884847
0.0589309
2.37754
-2.05105
-3.09447
1.77435
-3.09447
3.42374
2.58822
3.01298
-2.77201
-2.77201
1.35284
2.58822
-2.33637
-1.4764
3.23266
-0.909358
3.42374
-2.29855
0.884847
-2.29855
3.42374
-1.81647
2.58822
2.00276
3.42374
1.10799
1.63059
3.42374
1.56753
-1.4764
-2.5572
0.0589309
3.42374
-2.39701
1.10799
2.09249
-2.29855
-1.70395
-2.29855
3.42374
-1.4764
0.0589309
3.42374
2.37754
3.01298
1.08329
-0.734918
0.0589309
-2.77201
-2.61022
-1.70395
2.83919
-2.77511
-2.29855
-0.168007
2.09249
-1.11395
-1.70395
3.01298
2.32883
-3.09447
2.37754
-0.298447
2.83919
-2.29855
-2.25467
-0.757831
0.884847
-1.58942
-3.28861
-2.77201
2.65691
-2.29855
-1.36284
0.448807
-1.4764
2.58822
-0.757831
1.63652
-2.39701
-1.81647
2.09249
3.42374
0.0589309
2.80147
0.0589309
-2.72942
-0.734918
-0.168007
-2.29855
2.37028
0.103959
2.37028
1.63059
1.08329
3.23266
1.00504
3.42374
3.42374
-0.507578
3.01298
-0.5663
-2.29855
-2.04241
2.00276
2.58822
2.83919
-1.70395
-0.350603
2.09249
1.10799
2.37754
2.37754
1.17471
-0.734918
2.37754
1.80141
3.23266
3.42374
3.42374
0.884847
3.42374
3.42374
0.59565
3.42374
-1.11395
-0.298447
-3.28861
0.567403
-3.09447
1.29403
-2.29855
3.42374
-2.77511
2.83919
-0.157618
2.37754
-3.28861
-0.168007
2.65691
2.09249
-3.28861
3.42374
3.42374
-0.734918
3.23266
3.42374
0.33428
-2.39701
-1.64464
3.42374
2.37028
-1.4764
-0.298447
-1.68384
3.42374
-2.33637
-2.45892
-1.4764
2.32883
3.42374
3.23266
-2.25467
2.83919
-0.500685
-2.29855
2.80147
2.37754
3.42374
-1.47578
-2.29855
3.42374
3.23266
1.63652
-2.77201
-2.29855
1.10799
0.301022
-2.29855
-2.29855
0.884847
3.42374
0.884847
3.42374
0.884847
-0.983717
2.83919
2.32883
2.86877
3.42374
2.1632
1.10799
2.14249
0.0589309
2.00276
2.80147
-2.24759
-1.4764
-0.909358
-0.878936
-1.11395
2.83919
2.58822
0.301022
3.42374
-3.09447
2.33985
-2.29855
-0.734918
-1.4764
0.884847
-1.52756
2.37754
2.83919
2.33985
-1.4764
1.35508
-3.28861
-1.70395
2.1632
0.0589309
-2.39701
-2.72942
-1.70395
3.42374
-1.4764
0.567403
-0.924727
-1.47578
2.80147
0.375263
-3.28861
-3.28861
2.00891
3.42374
3.23266
3.42374
-0.507578
1.85661
1.80141
3.42374
-0.757831
2.83919
-1.11395
-2.77201
-2.98074
1.83432
-0.168007
-3.28861
1.69737
3.42374
3.01298
3.42374
3.42374
3.42374
2.58822
2.37754
1.56426
-2.39701
-0.507578
2.37754
2.83919
-1.4764
-3.28861
1.1198
-1.64464
2.83919
-1.4764
0.884847
1.63652
2.37754
3.23266
2.37754
0.855971
2.37754
2.80147
2.0606
-1.11395
2.37754
3.42374
0.884847
-1.4764
-1.11395
2.37754
2.83919
-0.585564
0.884847
2.09249
-0.500685
2.6455
3.42374
1.56753
1.56426
-2.72942
2.83919
-2.77201
-2.77201
-1.4764
3.42374
-2.45892
-2.77201
-2.77201
3.42374
2.00891
0.39131
-2.77201
0.884847
-1.70395
0.0589309
1.34804
-2.77201
-0.734918
2.00891
3.42374
1.29403
-2.22536
3.01298
2.80147
1.56753
3.42374
1.63652
-0.168007
-0.0200175
-1.4764
2.32883
-2.77511
-3.09447
2.09249
-2.29855
2.1632
2.37754
2.83919
2.65691
3.42374
2.37754
-3.09447
2.37754
0.0589309
0.861202
2.09249
-1.4764
2.09249
-1.45309
-1.4764
-1.70395
-2.29855
1.00504
0.0589309
2.32883
-2.29855
-0.298447
-2.29855
2.65691
3.23266
2.00276
-2.5572
0.448807
2.83919
-2.29855
3.42374
-2.29855
-1.4764
-3.09447
-2.77511
1.62232
2.83919
2.52604
-2.29855
2.37754
2.37754
-1.4764
1.18834
2.37754
3.42374
0.0589309
-2.29855
1.41883
-1.81086
0.0589309
-1.35111
-1.64464
3.42374
-2.39701
0.301022
3.23266
0.0226459
2.09249
0.0589309
3.23266
1.9846
1.63059
3.42374
-3.28861
3.42374
0.0589309
3.42374
2.43099
3.42374
-1.76359
1.69737
-1.4764
2.37754
2.37754
1.85661
2.58822
3.42374
1.22801
-1.58942
-2.72942
2.86877
3.42374
3.42374
-1.4764
2.09249
-1.4764
3.42374
0.0589309
0.0589309
3.23266
-0.298447
2.86877
-2.77511
3.01298
-2.39701
0.884847
-1.4764
-3.28861
-0.909358
0.884847
2.37754
-0.206197
1.00504
-2.25467
1.0498
3.42374
0.0723027
-0.734918
2.86877
3.42374
0.600161
0.0589309
-1.64464
-0.298447
2.83919
3.01298
3.42374
2.83919
-0.298447
2.37754
1.21756
2.83919
-2.77201
0.861202
0.884847
3.01298
2.83919
2.83919
0.0589309
3.42374
1.69737
0.884847
0.0589309
-2.39701
-1.32933
2.83919
-2.29855
2.32883
-2.39701
-2.29855
2.83919
-1.4764
-1.4764
3.01298
3.42374
-0.298447
2.83919
0.884847
2.83919
-1.05543
2.37028
-1.62484
-1.70395
-2.29855
1.08329
1.83432
2.0606
2.83919
0.884847
0.59565
2.09249
1.80141
-3.28861
3.42374
0.855971
1.03919
3.42374
-1.4764
-1.64464
2.37754
2.80147
2.37754
-1.88197
1.56753
-1.70395
3.42374
-1.4764
3.42374
2.09249
2.09249
3.42374
-0.0200175
-2.77201
0.766203
-2.72942
2.37754
-2.33637
2.14249
3.23266
2.09249
3.42374
2.09249
2.37754
-1.81647
2.37028
3.01298
-1.20139
1.08329
2.37754
2.09249
1.64502
2.83919
-1.81086
0.0589309
-2.77201
-1.64464
3.42374
-3.28861
-2.77201
2.32883
0.993751
1.83432
-3.09447
-1.21966
3.42374
1.35508
3.42374
-0.757831
-3.09447
0.855971
2.00276
3.23266
-1.50707
0.884847
-0.734918
3.42374
2.03208
2.83919
-1.68384
0.59565
2.83919
2.37754
2.80147
0.59565
3.42374
1.80141
-3.28861
-0.507578
-2.3754
-1.98225
-0.298447
-2.29855
1.63059
1.03919
0.59565
1.56426
2.58822
1.85661
2.00276
1.69737
3.23266
3.42374
-0.924727
1.56753
-3.09447
-3.28861
-1.11395
3.42374
1.85661
-2.33637
2.32883
-3.28861
-1.4764
-2.77511
0.820566
3.42374
0.884847
-0.298447
0.999931
2.37028
3.42374
2.00276
3.42374
-1.47578
2.09249
1.85661
0.884847
2.37754
0.0589309
3.42374
-0.298447
1.0498
3.42374
1.63652
2.0606
-2.39701
2.0606
0.0589309
-2.13535
-2.45892
-2.29855
2.09249
-1.81086
-1.4764
3.42374
-2.72942
-1.11395
1.63652
2.37754
-3.28861
2.43099
3.42374
-2.22536
-0.734918
-0.298447
1.14813
1.56753
3.42374
-1.4315
3.42374
-3.09447
2.09249
2.83919
-3.28861
-0.206197
1.85661
3.42374
0.0589309
-2.34494
1.69281
3.42374
0.0589309
3.42374
-0.298447
2.86877
-2.33637
-1.50707
0.0589309
-1.50707
3.42374
-1.70395
2.43099
-2.45892
-1.4764
0.855971
2.37754
-3.28861
3.01298
-0.298447
-3.28861
2.03208
-1.34498
1.9645
3.42374
-1.70395
-0.174133
1.85661
-1.4764
-2.25467
-1.68384
0.696591
1.85661
2.33985
0.884847
-1.64464
1.06784
1.56426
-2.29855
-2.22536
-1.64464
3.42374
2.83919
0.999931
2.3052
2.37028
3.42374
2.37754
-0.234754
2.37754
-2.29855
3.01298
0.884847
0.33428
0.884847
-1.47578
2.6455
2.00276
-1.4764
-1.4764
2.83919
-1.68384
-1.64464
-0.206197
0.655316
3.42374
1.28304
2.83919
3.23266
0.567403
0.0589309
2.37754
-3.28861
-2.25467
2.09249
3.42374
-0.206197
-3.28861
-1.52756
2.83919
-2.13535
3.42374
-1.4764
-0.298447
-0.298447
-1.70395
2.83919
2.37754
3.01298
2.83919
-1.70395
-2.72942
2.86877
-2.33637
0.33428
-2.5572
-1.64464
-0.0200175
0.0589309
-1.81086
2.83919
2.80147
2.21632
-1.11395
-0.168007
-0.168007
2.3052
2.65691
2.80147
-2.72942
-0.168007
-0.757831
3.42374
-1.05543
3.42374
3.42374
3.42374
-0.674883
-0.734918
3.42374
3.42374
-1.47578
-3.28861
3.42374
-2.29855
3.42374
-0.757831
-1.11395
-2.29855
0.0589309
-2.29855
2.3052
-2.39701
2.37754
0.696591
-1.58622
1.69737
2.32883
0.347194
0.0589309
-1.50707
-0.983717
2.37754
-3.09447
-2.77511
-2.25467
2.37028
2.58822
-0.757831
3.42374
-2.39701
2.65691
0.855971
1.34804
2.80147
3.01298
3.42374
-3.28861
3.42374
-1.4764
-3.09447
2.37754
2.09249
-2.0806
-0.168007
3.01298
2.37754
-1.70395
-2.33637
0.0723027
-0.909358
-0.298447
-1.70395
2.09249
-2.29855
1.63059
1.21756
3.23266
-2.72942
2.83919
-1.34498
-2.04241
-1.11395
-1.50707
-1.4764
0.0589309
-3.09447
3.23266
0.884847
-0.196917
-2.29855
2.37754
-1.11395
2.37754
0.855971
-1.70395
3.42374
3.42374
-2.39701
-1.64464
3.42374
3.01298
2.37754
2.37754
3.42374
-1.45309
-3.09447
-1.70395
3.42374
2.37754
-2.29855
2.09249
2.80147
-0.298447
-2.13535
2.3052
0.0589309
-1.4764
-2.77511
0.0589309
3.23266
-0.168007
-1.11395
0.855971
-1.81647
-0.149599
-2.29855
-2.39701
0.0589309
2.37754
3.42374
0.884847
-1.11395
2.0606
2.09249
3.42374
1.9846
1.69737
3.01298
1.08733
-0.757831
1.19452
-2.77201
3.42374
2.33985
-2.22536
0.0589309
-1.4764
3.01298
3.42374
3.42374
3.42374
2.37754
-2.39701
2.80147
2.09249
0.0589309
-1.70395
1.43326
-2.29855
2.37754
3.42374
-1.4764
-1.76359
0.59565
-1.70395
0.0589309
3.23266
-1.4764
-1.4764
-2.25467
-1.47578
0.0589309
-1.47578
3.42374
3.42374
1.63652
3.42374
1.8225
2.83919
-1.45309
3.42374
2.37028
1.56753
-3.28861
-1.4764
-0.350603
3.42374
1.49152
2.65691
-2.33637
-2.29855
2.37754
3.23266
0.0589309
3.42374
-1.70395
0.59565
1.69737
2.37754
2.37754
2.37754
-3.28861
2.58822
3.42374
2.37754
3.23266
-1.52756
3.23266
3.23266
-2.77201
2.80147
-0.0200175
-1.4764
-1.4315
-2.22536
1.69737
-1.93352
3.42374
1.08329
-2.25467
1.35284
-0.734918
3.42374
-1.88197
1.50322
2.37028
2.37754
1.08329
3.01298
2.0606
-0.909358
0.0589309
3.23266
-1.4764
2.0606
-1.4764
2.83919
-2.04241
-2.29855
-1.68384
0.0589309
-2.77201
2.37028
0.0589309
-1.47578
-0.298447
0.884847
3.42374
2.83919
3.42374
1.00504
-2.61022
-1.47578
-2.29855
-2.29855
-2.98074
-3.28861
1.85661
-1.70395
2.58822
-2.29855
-0.168007
1.63059
3.42374
2.0606
-2.61022
3.42374
2.37754
2.1632
3.42374
0.600161
3.42374
1.10619
2.83919
3.23266
3.42374
-2.33637
-1.81086
-2.29855
-0.298447
-3.28861
3.42374
-1.11395
0.0589309
2.09249
-0.298447
-1.4764
-2.77201
-0.757831
-1.05543
-3.28861
1.06115
-3.09447
1.22801
3.42374
-1.64464
-1.51511
-2.33637
2.37754
-1.4764
1.69737
2.21632
-1.68384
3.42374
1.08329
0.855971
-2.61022
2.83919
2.37754
-1.83864
-0.168007
-2.39701
2.37754
2.37754
-0.300773
2.0606
3.42374
-1.11395
0.33428
1.85661
-1.4764
-2.29855
1.56753
3.42374
2.83919
-1.4764
-2.33637
2.83919
-0.757831
3.23266
-2.39701
2.09249
2.83919
0.855971
-2.29855
0.0589309
1.63059
1.63059
-3.09447
3.42374
2.32883
-2.29855
3.42374
3.42374
2.83919
2.09249
-2.29855
0.33428
3.42374
1.14813
-2.29855
2.00276
0.0589309
2.0606
0.119373
3.42374
2.83919
-0.350603
2.65691
2.37754
3.42374
-1.34498
-0.393605
3.42374
2.37754
-2.77511
0.0589309
0.855971
2.83919
2.00276
-2.61022
-2.39701
0.884847
-3.09447
0.33428
2.58822
-3.28861
3.42374
2.58822
3.23266
3.42374
0.855971
-1.64464
2.37754
-0.0403308
-1.4764
1.00504
-2.72942
2.80147
2.00891
2.0606
2.37754
0.794954
2.86877
-1.11395
0.884847
-2.29855
1.69737
-2.29855
-2.29855
-1.64464
3.42374
2.58822
-2.39701
0.33428
-1.18323
1.00504
-1.34498
3.42374
-2.25467
2.86877
-2.98074
-2.98074
2.86877
-2.98074
-2.29855
-2.29855
0.59565
-3.28861
-0.168007
1.83432
2.83919
-2.72942
3.42374
-1.57477
2.0606
3.23266
-0.878936
2.03208
2.58822
0.59565
2.83919
-1.47578
2.80147
-0.977245
-1.50707
-3.28861
-1.4764
-1.70395
0.0589309
3.42374
-2.29855
-1.70395
3.01298
-2.05105
-0.973124
1.50641
2.86877
3.42374
-2.29855
-1.70395
2.33985
2.37754
-0.393605
0.272322
3.01298
3.42374
-2.29855
3.42374
-0.298447
-2.29855
-0.168007
-2.29855
2.6455
-2.29855
-2.39701
2.83919
-0.0200175
2.58822
0.884847
-2.25467
3.42374
3.42374
0.0589309
1.06115
-1.21966
2.37028
-1.64888
0.855971
-2.29855
-2.29855
-2.29855
0.0589309
-1.70395
-1.05543
2.86877
-1.11395
2.83919
3.23266
2.65691
-2.3754
0.855971
0.0589309
-3.28861
2.83919
2.83919
2.09249
-1.70395
2.0606
1.63652
1.50322
3.42374
-1.64464
3.23266
2.83919
0.855971
1.56753
3.23266
3.23266
0.0589309
1.00504
-1.64464
-1.4764
2.37754
-2.77201
2.83919
-2.29855
-3.09447
1.50322
-2.98074
-2.5572
2.83919
-0.298447
2.83919
3.42374
-1.70395
3.23266
0.448807
3.01298
2.0606
2.83919
-2.29855
0.567403
-1.4764
2.37754
0.598379
-1.4764
1.85661
-1.4764
-2.98074
3.23266
3.42374
1.58386
0.0589309
0.855971
-2.0806
-0.157618
3.42374
2.86877
-2.39701
0.347194
-1.4764
2.37754
-2.33637
-1.11395
-2.22536
2.37754
1.62232
2.80147
1.69737
0.119373
-0.757831
2.37754
-3.09447
1.18834
3.42374
0.696591
1.56753
1.14813
-2.29855
1.10799
1.08329
3.42374
1.56753
1.85661
-1.4764
-2.3754
2.65691
-2.29855
-2.29855
-2.72942
1.14456
2.83919
2.37754
-2.39701
-1.4764
0.884847
1.56753
1.14813
0.667324
-1.36284
2.3052
0.855971
2.83919
-0.298447
0.0589309
-1.4764
-2.29855
-1.4764
3.01298
3.42374
2.83919
-3.28861
2.83919
3.01298
-2.29855
3.23266
3.42374
3.42374
3.23266
2.58822
1.08329
2.37754
-1.70395
3.01298
3.23266
-2.29855
1.56753
-0.983717
-0.475215
-1.70395
2.37754
-1.98225
-3.09447
3.42374
-2.77511
2.37754
-2.77201
-1.4764
-0.298447
1.85661
-2.22536
1.21756
2.3052
2.80147
2.37028
-0.734918
-2.29855
-1.4764
-3.28861
1.63059
1.63652
-1.4315
2.83919
1.63059
0.884847
3.23266
-2.29855
-2.45892
3.42374
2.83919
-0.0213242
3.42374
-2.61022
-2.72942
0.800639
-1.34498
3.23266
-1.05543
-1.68384
2.37754
0.855971
-2.72942
-2.98074
3.42374
3.42374
3.42374
-1.70395
3.42374
-1.50707
0.0589309
-3.09447
0.855971
1.63059
-1.11395
-2.25467
-1.4764
0.0589309
-2.04241
3.42374
-0.757831
-2.72942
-1.4764
3.42374
1.35508
0.884847
3.42374
2.37028
3.23266
1.9645
0.33428
2.37754
-1.52756
3.42374
-2.39701
3.42374
3.42374
0.59565
-1.68384
-1.64464
0.33428
-2.5572
-2.72942
2.58822
2.83919
1.08329
0.0589309
-1.4764
1.08329
-2.25467
0.119373
1.63652
3.42374
0.448807
0.884847
0.33428
3.23266
2.52604
2.58822
2.09249
3.42374
-2.5572
-1.4764
2.03208
-2.77511
-2.77201
-2.29855
2.32883
3.23266
3.42374
-0.298447
-2.98074
-2.0806
-2.39701
-0.977245
3.42374
-1.68384
-1.4764
2.37754
1.85661
-1.4764
3.23266
-0.298447
2.86877
-2.98074
3.42374
-2.04241
1.2039
2.58822
-2.77201
2.65691
2.83919
-2.25467
1.08329
2.09249
2.58822
3.42374
-1.64464
3.01298
1.71694
3.42374
0.0589309
0.301022
-1.93352
3.42374
-0.0200175
-1.70395
-1.4764
-1.11395
1.55203
1.22801
-0.298447
-1.4764
-1.58622
1.14456
1.21756
1.41883
3.42374
1.00504
2.83919
-0.168007
3.42374
2.14249
0.855971
2.80147
3.42374
1.56753
3.42374
2.37754
-2.29855
-2.45892
3.23266
-0.757831
-0.924727
-1.11395
2.0606
-3.28861
-1.47578
-2.77511
0.855971
3.01298
3.42374
0.884847
3.42374
3.42374
1.10799
-2.39701
2.86877
2.83919
-2.29855
-2.72942
-1.81086
-2.33637
2.83919
-2.24759
3.01298
0.21644
1.56753
-0.350603
3.42374
2.33985
3.42374
3.42374
2.80147
3.23266
2.58822
-2.72942
3.01298
-2.98074
-1.4764
-2.29855
3.23266
3.42374
2.6455
-3.28861
1.14813
-0.757831
2.37754
-0.983717
2.80147
-0.127334
-0.168007
2.3052
-1.98225
2.83919
-1.70395
-2.29855
3.42374
3.42374
2.33985
3.01298
0.503551
2.83919
-1.64464
3.42374
2.43099
1.41883
-3.28861
-2.22536
-3.28861
-1.11395
2.52604
2.86877
3.23266
-0.734918
3.42374
-1.11395
2.3052
0.884847
-2.29855
-2.29855
3.42374
-1.4764
-2.39701
-1.11395
2.09249
-3.09447
2.37754
2.37028
-3.28861
3.42374
3.42374
-1.34498
1.56753
1.35284
3.01298
1.69281
-2.22536
3.42374
-3.28861
-3.28861
-2.39701
2.37754
-1.4764
-1.52756
2.58822
-2.25467
-0.298447
-3.28861
3.01298
-2.72942
1.63059
1.9846
3.42374
-0.298447
2.83919
1.08329
1.56753
-1.05543
1.00504
1.55203
1.50322
1.63059
3.42374
-1.64888
-1.64888
0.0723027
3.23266
1.05307
-2.77511
3.42374
2.00276
-1.4764
2.83919
3.42374
3.42374
-3.09447
-1.70395
0.0589309
-0.298447
-3.28861
3.23266
-1.4764
3.23266
-1.58376
-2.33637
0.884847
-1.4764
3.42374
-2.24759
0.0589309
2.09249
-2.29855
2.09249
-2.77201
-2.39701
-2.29855
2.0606
-0.757831
3.01298
-2.61022
-2.98074
-3.28861
2.32883
2.32883
-0.168007
-1.11395
-1.45309
3.23266
-1.70395
0.0589309
3.23266
3.01298
-0.168007
1.69281
2.80147
-1.4764
-0.507578
0.855971
3.42374
0.567403
-1.4764
1.69737
3.42374
2.43099
-1.4764
-2.45892
1.85661
-2.29855
-2.29855
2.37754
2.33985
-1.34522
1.71694
-2.39701
3.42374
-2.72942
-3.28861
-2.33637
-2.04241
2.37754
-1.58942
-2.72942
-2.29855
0.884847
-1.11395
2.83919
3.42374
3.42374
-3.28861
1.22801
-0.909358
3.23266
-2.77201
1.14813
-2.25467
-2.29855
-2.29855
0.0723027
-2.25467
0.884847
0.884847
0.448807
0.33428
0.59565
-1.11395
-3.28861
1.69737
3.23266
-2.5572
-1.05543
-3.28861
0.855971
-2.25467
2.09249
-1.11395
2.09249
-0.298447
3.42374
0.0589309
2.83919
2.21632
-1.34498
-3.09447
2.32883
0.0589309
2.0606
3.42374
2.83919
2.86877
-2.61022
-3.28861
-1.70395
3.23266
-1.4764
2.37754
-0.757831
3.01298
1.17471
3.42374
1.9846
-1.64464
0.0589309
3.42374
1.12448
2.43099
3.42374
-1.4764
-3.28861
1.08329
1.77435
-2.77201
0.0589309
-2.61022
2.37754
0.33428
-1.4764
2.83919
2.14249
-2.29855
-1.05543
1.50322
2.37028
-1.4764
0.0589309
2.37754
-3.28861
0.884847
0.286932
2.86877
-0.350603
-3.28861
-2.77201
0.855971
-1.4764
-1.03589
-1.64464
0.905511
2.86877
0.884847
-2.25467
0.770331
3.42374
-2.29855
-2.29855
-2.33637
0.301022
2.83919
2.09249
-1.98225
-2.29855
1.56753
2.83919
-1.47578
-2.33637
-1.11395
-0.983717
2.37754
2.83919
2.80147
2.58822
-0.206197
2.80147
2.32883
-2.29855
-0.0200175
1.85661
-3.28861
-2.29855
-3.28861
-0.168007
2.09249
0.448807
3.42374
3.42374
0.33428
3.42374
3.42374
3.42374
-1.05543
3.42374
3.42374
-2.39701
2.80147
2.37754
2.09249
1.56753
-0.983717
-1.4764
-2.77201
1.10799
2.83919
3.42374
-2.29855
-2.77201
2.83919
3.42374
2.37028
-1.64464
-1.64464
2.09249
3.01298
2.86877
0.59565
3.42374
1.54543
3.42374
-1.50707
-1.64464
1.69737
2.37754
1.83432
-2.45892
3.01298
-2.77201
2.58822
3.42374
2.83919
1.56753
3.42374
-2.04241
0.0589309
0.884847
2.32883
3.42374
3.42374
-3.09447
-2.29855
-1.4764
-1.4764
0.0589309
1.58386
1.0498
1.08329
-0.983717
3.42374
2.58822
-3.28861
-0.298447
2.58822
3.42374
1.63059
2.09249
-1.4764
1.8502
2.37754
-3.28861
-2.98074
-0.983717
2.33985
0.884847
3.42374
2.37754
2.52604
0.800639
-0.286697
3.23266
2.09249
-2.39701
-2.33637
-0.983717
-1.70395
-0.757831
3.23266
2.37754
3.42374
2.83919
1.56753
3.42374
3.42374
2.58822
-0.168007
-0.730777
2.83919
0.0589309
1.46204
0.884847
3.42374
1.54543
-2.29855
1.10799
0.696591
2.37754
-1.64464
2.00891
1.56753
-1.81086
-1.18323
0.503551
0.448807
3.42374
1.85661
2.83919
3.42374
3.42374
-2.33637
3.42374
2.1632
-1.03372
1.70322
3.42374
1.41883
3.23266
2.37754
3.42374
-1.64464
-2.29855
-2.39701
-3.09447
0.0589309
-1.64888
-1.50707
1.00504
-1.4764
2.83919
0.0589309
-2.39701
3.42374
2.37754
2.37754
0.503551
3.01298
2.86877
-2.25467
3.42374
0.59565
2.65691
3.42374
1.77435
2.37754
0.59565
-1.11395
-3.28861
0.0723027
-1.4764
3.42374
2.83919
-3.28861
-2.77201
2.37754
2.83919
-2.29855
0.884847
-1.81086
-0.0403308
2.37754
0.0589309
-0.298447
1.00504
1.8225
-2.39701
2.37754
1.08329
3.42374
2.37754
-2.77201
3.42374
-0.0200175
0.0589309
-1.4764
-1.98225
2.83919
2.37754
2.37754
-1.4315
-0.514757
3.42374
2.83919
-1.70395
-1.70395
-2.29855
-0.757831
-1.64464
-1.70395
-1.64464
3.23266
3.42374
2.43099
-1.70395
3.42374
0.855971
-3.28861
3.42374
1.10799
2.37754
3.42374
-1.4764
0.0226459
0.119373
2.32883
-2.61022
2.32883
2.21632
-3.09447
2.37754
-1.4764
3.42374
0.884847
3.42374
3.42374
-0.168007
2.52604
0.655316
-1.11395
3.42374
1.9846
-1.4764
2.37754
1.69737
2.14249
1.56753
1.56753
3.42374
-1.76359
3.01298
-1.32933
3.42374
-1.70395
-1.64464
-0.909358
2.58822
-2.12582
-2.5572
-1.4764
-1.70395
1.63059
3.42374
2.83919
-2.29855
-2.39701
-0.206197
2.43099
1.10799
3.42374
3.01298
2.43099
2.52604
-2.29855
-2.39701
3.23266
2.83919
2.58822
2.58822
-2.39701
-2.3754
-2.33637
3.42374
-1.4764
3.42374
-3.09447
-2.29855
2.37754
1.85661
2.83919
-2.77201
1.08329
1.08329
2.83919
2.65691
-1.05543
-1.68384
-2.77511
2.09249
2.83919
-3.28861
2.21632
2.09249
0.59565
2.83919
1.50322
-1.52756
0.884847
2.33985
-2.29855
2.83919
2.37754
-1.52756
2.09249
-3.09447
3.42374
-1.70395
1.08329
2.83919
2.65691
2.83919
2.32883
-0.924727
1.33654
2.37754
-1.02454
3.42374
2.32883
3.42374
-1.93352
-1.4764
3.01298
-1.47578
2.43099
2.83919
-2.29855
-2.39701
2.00276
-0.0213242
-3.28861
-1.64464
-0.168007
-2.33637
-1.70395
0.0589309
3.42374
-3.28861
-0.734918
0.855971
-3.28861
3.42374
-2.29855
-2.77201
-2.29855
3.42374
-0.196917
3.42374
-1.05933
-2.29855
3.42374
2.83919
2.14249
2.09249
2.37754
3.42374
-0.0200175
2.83919
-2.77201
3.23266
3.42374
2.37754
3.42374
-1.52756
-2.22536
3.42374
2.83919
3.42374
-2.29855
-1.64464
2.37754
-0.174133
3.23266
-2.29855
0.884847
0.884847
-3.09447
3.42374
1.50322
-1.98225
1.56753
-2.25467
-3.28861
3.42374
1.08734
2.83919
-1.4764
2.1632
-2.29855
2.83919
-1.11395
1.08329
0.0589309
-0.734918
2.58822
3.42374
1.08329
2.37028
-2.29855
0.796785
0.59565
2.83919
-2.29855
3.23266
1.08329
0.0589309
2.37754
-0.298447
3.42374
2.65691
2.33985
0.0589309
3.01298
3.42374
0.855971
2.1632
-1.70395
-0.248813
3.42374
2.58822
-2.04241
1.69281
2.80147
2.83919
3.42374
2.52604
3.23266
-1.4764
3.42374
3.42374
-1.4764
-2.45892
3.42374
1.55203
1.56753
-1.64888
-2.33637
2.3052
2.83919
-2.29855
-1.50707
0.993751
1.56753
2.32883
3.23266
-0.196917
0.0589309
2.09249
0.884847
2.83919
2.83919
-2.22536
2.52604
-1.4764
-2.25467
-2.45892
-1.70395
3.42374
2.58822
1.56753
3.42374
-0.298447
-1.88197
2.80147
-3.28861
-3.28861
-2.29855
-0.0200175
3.42374
3.42374
-0.300773
1.0498
3.42374
3.42374
-2.29855
-1.11395
0.855971
2.43099
3.42374
-1.68384
0.426737
1.69737
-0.298447
-2.04241
1.85661
3.42374
1.58386
0.0589309
3.42374
-2.29855
-2.61022
-1.88197
2.37754
-2.72942
3.42374
-0.757831
-2.39701
-3.28861
0.33428
-2.77511
-2.22536
2.21632
2.83919
-2.29855
2.00891
-3.28861
0.0589309
-0.350603
-0.168007
0.800639
-1.64464
-1.4764
3.01298
3.42374
3.42374
2.37754
-0.924727
-2.33637
-2.04241
0.884847
-1.64464
2.37754
-2.33637
2.65691
-1.4764
0.59565
3.42374
1.85661
-1.70395
0.0589309
3.42374
3.23266
2.83919
3.01298
2.03208
-0.298447
-2.61022
0.884847
-0.975549
-2.39701
-1.11395
2.58822
0.426737
2.83919
-3.09447
2.14249
2.80147
-1.4764
-2.77511
-3.28861
-1.4764
2.86877
3.42374
-1.35788
-0.298447
-1.4764
1.85661
3.42374
-3.09447
2.32883
3.42374
3.42374
-2.29855
-2.33637
-2.77511
-2.29855
2.83919
0.855971
3.42374
2.83919
0.0589309
0.884847
1.50322
1.10799
0.0589309
2.37754
1.85661
-2.05105
-2.39701
-2.98074
-1.52756
-1.4764
0.884847
-1.64464
2.1632
3.42374
1.10799
-0.734918
3.42374
3.42374
-3.28861
3.01298
2.37754
2.09249
-0.298447
3.42374
2.37754
0.855971
-2.39701
-1.47578
-1.70395
0.59565
2.83919
-2.29855
2.37754
1.00504
-1.4764
3.23266
1.34804
-1.70395
-2.29855
-2.39701
-2.24759
3.42374
3.42374
-2.22536
2.09249
2.86877
3.42374
2.83919
-2.29855
1.54543
-2.29855
0.0589309
1.10799
-1.4764
-1.4764
2.83919
-1.4764
-0.0614219
-1.18323
-1.11395
-1.4764
3.42374
-2.29855
-2.77511
3.42374
3.42374
0.884847
2.32883
0.33428
-3.28861
3.42374
-1.70395
-1.4764
-1.11395
-1.64464
-1.25767
-1.4764
-1.81086
3.01298
3.23266
-2.77201
-2.29855
1.00504
-3.28861
-2.29855
3.42374
2.09249
3.01298
2.6455
-2.29855
3.23266
3.23266
-1.70395
-2.29855
-2.29855
-1.4764
-1.88197
-0.983717
3.01298
-2.29855
2.09249
2.83919
-1.70395
-1.88197
-3.09447
-2.72942
2.09249
3.23266
0.33428
3.01298
2.83919
3.42374
3.42374
3.42374
3.42374
3.42374
3.42374
3.01298
2.09249
-0.507578
-2.29855
0.993751
3.42374
1.08329
3.42374
0.696591
-2.29855
3.01298
2.83919
-2.29855
-3.09447
3.42374
-1.4764
2.37754
-1.47578
-1.4764
0.33428
2.83919
3.42374
1.63652
3.42374
-2.72942
2.33985
-2.61022
-0.298447
0.884847
3.42374
3.42374
-1.4764
-1.4764
-2.25467
3.42374
0.884847
-1.68384
1.08329
2.09249
3.42374
1.63652
1.63059
-0.983717
3.23266
0.861202
-0.298447
-3.09447
-2.29855
-0.973124
2.83919
-1.70395
3.42374
3.42374
3.42374
2.6455
2.83919
-0.350603
-1.81086
3.23266
2.37754
-0.298447
1.08329
2.83919
3.42374
0.347194
3.42374
-2.29855
-1.70395
3.42374
2.09249
3.23266
1.00504
0.0589309
1.71694
2.83919
0.800639
0.855971
2.83919
-2.61022
-1.64888
-0.168007
3.42374
-3.28861
-1.50707
3.42374
-1.4764
-3.09447
2.09249
2.37754
3.42374
3.42374
-2.33637
-0.0125636
1.08733
-1.34498
2.58822
3.42374
2.83919
2.83919
0.861202
-2.29855
-2.29855
1.80141
3.42374
-3.28861
-1.45309
-2.29855
2.6455
-2.29855
-2.77511
2.03208
0.0589309
3.23266
-1.4764
0.119373
0.59565
-1.4764
-1.70395
-1.34498
3.42374
-2.13535
1.22801
1.56753
3.42374
3.42374
-2.29855
-1.11395
3.42374
-1.4764
0.0589309
1.63652
2.65691
0.884847
-0.298447
-3.09447
2.58822
3.01298
-0.757831
0.884847
-1.05366
-2.29855
0.301022
-1.4764
0.884847
-3.28861
-0.168007
2.65691
1.64502
-2.61022
-2.29855
3.42374
-1.11395
0.119373
1.29403
-2.25467
-2.3754
2.37028
2.00276
-3.09447
3.42374
-1.45309
2.37754
1.2039
-0.298447
1.63059
2.83919
2.0606
-2.29855
2.52604
1.64502
2.58822
2.80147
-2.29855
2.83919
1.33745
3.42374
2.0606
-1.11395
-2.45892
3.42374
2.65691
-1.11395
-2.29855
-3.09447
-2.3754
-0.286322
2.83919
3.42374
-1.88197
-0.757831
3.42374
3.23266
0.0589309
-2.39701
2.09249
2.83919
-2.3754
0.855971
-2.77201
-0.757831
3.42374
1.63059
-1.98225
-1.4764
-1.81086
0.820566
3.42374
2.37754
-3.28861
-0.528044
-2.39701
2.80147
-1.50707
3.23266
-1.4764
0.59565
-2.77201
-3.28861
0.33428
3.42374
2.86877
2.37754
0.855971
2.32883
0.855971
-3.09447
-2.77201
-2.33637
3.42374
3.42374
-0.757831
1.69737
-1.70395
1.64502
1.14813
-2.29855
-3.28861
-2.22536
-1.64464
2.09249
-1.88197
-1.45309
3.42374
-0.298447
-3.28861
-1.4764
1.35508
-2.25467
3.42374
1.10799
2.83919
1.34804
1.9645
0.884847
0.0589309
1.33654
1.8502
0.0589309
2.09249
2.37754
-2.25467
-1.2054
-2.77511
2.83919
3.42374
2.37754
0.884847
1.03919
-0.298447
-2.29855
-2.29855
-2.72942
3.42374
2.32883
3.42374
-1.70395
3.42374
1.19452
-1.98225
1.56753
2.58822
-1.4764
0.0589309
-0.571676
-1.11395
2.32883
3.42374
-1.45309
1.56753
-0.734918
2.33985
-2.05105
-1.51511
2.37754
2.09249
2.37754
2.37754
0.0589309
-2.29855
-1.34498
-1.4764
2.83919
-0.5663
-0.751012
0.884847
-1.81647
3.42374
3.42374
1.43326
0.884847
3.01298
-1.4764
1.69737
2.03208
2.00891
-1.70395
-2.77201
-3.09447
-0.909358
-2.5572
-1.64464
2.37754
0.426737
0.59565
-0.528044
3.42374
3.42374
-1.50707
2.37754
2.83919
1.10799
-1.11395
-0.514757
-2.77201
-0.0200175
2.37028
-2.29855
0.0589309
-3.28861
-2.29855
-2.72942
2.00276
-0.757831
-2.45892
3.23266
2.0606
-1.4764
-0.298447
1.08329
-0.730777
-2.45892
0.884847
-0.298447
2.37754
2.3052
3.42374
2.58822
-2.72942
-1.62484
3.42374
-1.45309
2.37754
0.959517
0.0589309
-3.28861
1.70322
0.448807
2.33985
2.83919
3.42374
1.1573
3.42374
-3.28861
-3.28861
-0.734918
2.86877
3.42374
2.6455
2.37754
-1.03589
1.9645
1.69737
0.503551
0.0589309
0.0589309
2.32883
-2.77511
-3.09447
-1.05543
-1.4764
3.01298
-1.70395
2.37754
0.800639
0.0589309
2.32883
-2.3754
0.884847
2.58822
0.855971
2.83919
3.01298
3.42374
2.43099
0.884847
3.42374
2.80147
-2.77511
-3.28861
1.56753
-0.286322
-3.28861
0.567403
-0.734918
2.37754
0.884847
2.83919
-1.51511
2.58822
3.42374
1.56753
3.42374
1.69737
3.42374
-2.39701
-1.4764
3.42374
-3.28861
3.42374
2.37754
-0.757831
2.37754
-0.196917
2.37754
-1.4764
3.42374
1.56753
3.42374
0.272322
-1.34498
-1.81647
2.37754
1.69281
0.855971
1.56753
0.747025
-1.4764
3.42374
2.58822
-2.25467
0.855971
2.43099
2.83919
0.696591
-1.50707
2.00276
2.83919
3.42374
3.42374
0.884847
2.58822
3.42374
-1.4764
-2.61022
-2.29855
0.0589309
2.37754
-0.5663
2.83919
2.09249
2.83919
-2.72942
3.42374
0.884847
-2.13535
3.23266
3.42374
-2.29855
3.23266
2.37754
-2.72942
-0.374119
0.0589309
-0.0614219
2.83919
3.42374
0.696591
2.83919
-1.93352
2.37754
-0.298447
2.09249
3.23266
-1.70395
2.37754
1.58386
3.42374
3.42374
2.65691
2.83919
2.00891
2.37754
2.09249
-2.77511
0.884847
-1.70395
-1.52756
2.83919
1.63652
0.0589309
0.0589309
1.85661
-2.61022
1.56753
0.655316
0.855971
3.42374
-1.70395
-1.05543
-2.29855
2.21632
3.42374
3.42374
1.56753
2.83919
3.42374
-3.28861
2.37754
-2.05105
0.884847
-2.98074
-0.350603
1.80141
-0.924727
-2.25467
2.37754
3.42374
-3.28861
1.85661
2.6455
-2.3754
-1.4764
-2.29855
3.42374
0.884847
2.0606
2.83919
3.42374
-1.81086
-1.11395
2.80147
-0.298447
3.42374
3.23266
2.58822
-0.542705
-0.973124
-2.29855
2.03208
3.42374
2.32883
-1.70395
-1.98225
2.80147
3.01298
-2.29855
2.80147
-2.25467
-0.168007
-1.4764
-2.13535
-1.21966
-1.11395
2.37754
-2.45892
-1.4764
-1.47578
-1.4764
2.37754
-0.924727
-3.28861
1.05307
1.56753
3.42374
3.23266
-0.0200175
2.43099
-0.924727
0.884847
0.855971
0.884847
-0.757831
-1.64464
-3.28861
2.37754
-1.4764
3.42374
2.37754
1.00504
3.23266
2.83919
3.42374
-2.61022
3.42374
1.69737
1.69737
1.14813
-1.11395
-2.39701
-2.72942
0.33428
2.21632
1.63652
2.86877
-0.298447
1.08733
-1.58376
-1.4764
-2.72942
3.42374
2.14249
-1.4764
2.09249
-1.11395
-2.29855
0.0589309
2.09249
-0.350603
-1.64464
-1.47578
3.42374
2.09249
-1.03372
0.0589309
-1.70395
1.63059
2.32883
2.80147
3.42374
3.42374
0.884847
-1.4764
3.42374
0.855971
0.33428
2.0606
1.56753
-0.734918
-2.39701
0.655316
-3.28861
2.65691
-0.350316
-0.298447
1.0498
3.42374
1.43326
-1.52756
-0.0614219
-1.4764
3.42374
3.42374
-1.4315
-2.5572
3.42374
-2.72942
2.43099
2.65691
-0.298447
-2.72942
0.59565
2.83919
3.42374
2.0606
0.0589309
-2.29855
-1.51511
-2.29855
-0.206197
2.83919
1.14456
-2.29855
-2.3754
2.32883
2.83919
-1.4764
3.23266
2.86877
0.0589309
-3.28861
2.86877
2.1632
2.37754
0.0589309
0.0589309
2.58822
1.00504
2.37754
-3.28861
1.10799
2.58822
-3.28861
-2.04241
3.42374
2.86877
-1.47578
3.42374
-0.528044
-2.29855
3.42374
2.43099
3.42374
1.22801
2.65691
2.83919
2.37754
0.59565
-0.0614219
0.0589309
3.42374
-3.28861
3.42374
3.42374
3.42374
1.9846
0.696591
-0.0200175
0.448807
-1.47578
0.33428
-1.4764
2.37754
3.23266
2.80147
1.25432
-1.58622
2.00276
-2.29855
-0.757831
0.577877
-2.29855
2.00276
1.64502
-2.72942
2.21632
-2.72942
-2.29855
2.43099
-2.29855
1.08329
1.08329
1.10799
1.69281
3.23266
0.855971
-0.924727
1.63059
0.59565
0.0589309
-2.39701
2.37028
3.23266
-0.734918
2.00276
0.119373
3.23266
-3.28861
-2.29855
3.42374
2.43099
3.42374
2.83919
1.56753
3.42374
-1.4764
2.32883
-1.4764
-0.674883
-2.29855
-3.28861
-1.70395
3.42374
2.37754
-2.39701
2.09249
-1.11395
0.600161
-2.0806
3.42374
-2.29855
-2.98074
1.0498
3.42374
2.58822
-2.72942
-1.70395
0.884847
-2.29855
-1.35111
-3.09447
3.42374
-3.28861
2.03208
-0.757831
2.37754
3.42374
-0.734918
0.236162
-2.61022
0.0589309
-1.4764
3.42374
-3.28861
2.6455
0.33428
2.83919
3.42374
0.884847
3.42374
0.884847
1.50322
3.42374
2.33985
-1.50707
0.59565
2.86877
1.14813
3.42374
-0.878936
1.63059
2.6455
2.03208
3.23266
2.37754
2.58822
-2.39701
0.696591
3.42374
1.56753
2.37754
-3.09447
1.56753
1.63652
0.347194
3.42374
3.42374
-1.4764
3.23266
-2.77201
0.655316
-1.58942
3.42374
3.42374
-2.29855
1.18834
-1.4764
-2.29855
1.10799
-2.04241
-2.39701
-2.77201
-1.45309
2.00276
0.884847
3.42374
-0.168007
0.0868136
2.6455
2.80147
0.884847
2.83919
0.884847
-1.4764
3.42374
-1.4764
-2.39701
2.32883
-2.72942
0.0589309
3.42374
-0.206197
-2.77511
2.83919
2.83919
-2.77201
1.08329
2.37754
-2.77201
2.37754
0.884847
-3.09447
-0.507578
-2.39701
-3.09447
-3.09447
-2.3754
-1.11395
2.6455
-0.168007
-1.4764
-3.28861
-1.74369
2.32883
3.42374
-1.70395
-2.3754
-3.28861
2.37754
1.56753
3.42374
3.01298
3.42374
3.01298
3.42374
-3.28861
3.42374
2.37754
-1.11395
2.83919
-2.22536
2.37754
-1.72162
2.65691
2.32883
3.42374
2.83919
-2.61022
-0.973124
1.80141
-2.77201
1.77435
2.80147
2.80147
3.42374
-2.13535
3.42374
3.23266
3.42374
-1.4315
-2.29855
-1.4764
-1.4764
0.119373
-2.24759
2.83919
-2.98074
-1.70395
-1.11395
-1.45309
2.83919
3.23266
-2.29855
1.63652
0.567403
-0.298447
0.884847
0.567403
1.64502
-2.39701
-3.09447
2.09249
-2.5572
2.83919
3.42374
-2.77201
0.820566
2.83919
2.83919
-2.61022
1.56426
2.32883
2.86877
2.37028
-1.70395
-2.33637
0.119373
1.56753
3.42374
-2.77511
-0.924727
-2.98074
1.56753
-0.983717
-0.206197
0.855971
3.42374
-2.77511
2.37754
2.37754
3.42374
-2.29855
-2.29855
3.23266
0.884847
0.0589309
0.301022
0.884847
3.42374
-0.734918
-1.34522
-1.4764
3.23266
1.63059
-2.25467
3.42374
-2.29855
2.37754
3.42374
2.09249
2.58822
0.567403
1.83432
-1.4764
-0.157618
3.42374
2.09249
-2.05105
3.42374
-0.298447
-1.1924
0.347194
-1.4764
-2.29855
2.86877
-2.29855
2.37754
-0.168007
1.49249
-1.4764
3.42374
-1.64464
-0.909358
3.01298
2.0606
3.23266
1.14813
2.37754
-2.29855
-2.25467
2.83919
1.02118
-0.157618
1.85661
-2.72942
1.9846
-3.09447
0.655316
-1.47578
2.00276
3.42374
2.21632
3.42374
2.37754
-0.298447
-3.28861
0.59565
-1.47578
0.884847
-3.28861
1.34804
0.39131
-0.168007
3.23266
-0.973124
3.42374
1.08733
3.42374
0.884847
2.03208
2.80147
-2.77201
2.58822
2.83919
0.855971
1.41883
3.01298
-0.528044
1.75131
2.37754
-1.41715
3.42374
-1.68384
0.655316
-1.4764
-1.64464
2.43099
1.00504
2.09249
-2.29855
2.80147
3.42374
1.08329
2.80147
2.09249
-3.09447
3.42374
2.37754
-1.70395
3.42374
-1.4764
2.37754
-2.34494
-1.03589
-1.4764
-2.29855
-3.28861
-1.4764
2.83919
2.1632
-3.28861
2.37028
0.884847
3.23266
2.83919
2.52604
0.0589309
2.00276
-1.81647
3.42374
3.42374
-1.4764
2.86877
-3.09447
-3.28861
-0.206197
3.01298
-1.4764
-0.298447
-0.757831
0.855971
-0.786264
2.1632
-2.29855
-3.09447
-0.350603
-2.98074
-2.29855
-1.4764
-1.47578
-2.0806
0.855971
3.42374
2.09249
-2.77201
1.85661
-1.11395
-2.39701
2.00276
3.23266
-2.29855
-0.528044
-3.28861
-2.29855
2.83919
-2.29855
3.42374
2.52604
1.00504
3.42374
3.42374
2.83919
2.83919
-2.12582
0.0589309
3.42374
3.42374
2.37754
-2.29855
-2.29855
1.69737
0.884847
-2.29855
0.0589309
-1.47578
3.42374
-0.168007
2.37754
-3.09447
1.80141
2.6455
-1.4764
-1.70395
1.63652
2.80147
-0.757831
-2.29855
3.42374
3.42374
0.0589309
-1.4764
3.42374
2.83919
-2.25467
-2.29855
0.855971
2.21632
-0.734918
2.09249
-2.13535
2.6455
2.33985
-1.50707
-1.98225
1.63652
2.83919
-2.98074
-2.13535
-1.11395
0.855971
3.23266
2.83919
-1.64464
3.23266
3.23266
2.86877
-2.29855
2.86877
2.09249
2.37028
-1.81086
-2.98074
-1.98225
-2.61022
-1.88197
0.884847
3.23266
3.42374
-2.29855
2.09249
-2.29855
-0.734918
0.0589309
2.0606
0.861202
2.09249
-3.28861
0.326468
0.696591
-1.47578
-3.28861
-1.4764
-1.11395
-2.39701
0.855971
-3.28861
-0.298447
-1.05543
2.83919
2.65691
3.23266
2.80147
2.83919
-2.3754
2.80147
-1.4764
0.59565
3.42374
-2.77511
-2.29855
0.884847
2.80147
2.83919
-2.39701
2.80147
2.37754
2.6455
-1.11395
3.42374
0.0589309
3.23266
2.37754
-1.98225
1.00504
3.42374
3.42374
-1.88197
-1.4764
2.03208
0.0589309
3.42374
2.80147
2.09249
2.0606
-2.33637
2.09249
1.06115
-0.0403308
3.42374
3.23266
-3.28861
-2.29855
-0.774823
-2.24759
-2.29855
-0.909358
-1.4764
3.42374
3.42374
-0.757831
2.83919
0.855971
1.56753
2.33985
2.09249
3.42374
1.63652
-1.70395
3.23266
2.83919
0.0589309
3.42374
-0.0200175
0.884847
-2.29855
2.83919
-2.29855
3.42374
-2.29855
-3.28861
2.37754
2.80147
1.56753
-1.4764
0.301022
2.83919
-1.11395
2.37754
-1.64464
-2.25467
0.59565
2.80147
-1.11395
1.69737
-0.757831
-2.39701
3.42374
2.37754
2.83919
-1.76359
-0.0200175
-1.70395
1.63059
2.58822
-1.70395
3.42374
2.37028
-0.206197
-0.757831
3.42374
1.85661
3.42374
0.0589309
3.01298
-0.507578
-1.50707
3.23266
3.42374
-2.12582
1.00504
2.58822
2.83919
-1.70395
1.9846
1.41883
2.58822
-2.25467
-1.4764
3.42374
3.23266
-1.4764
-1.4764
0.696591
1.56753
-3.28861
3.42374
1.85661
-1.11395
-1.4764
-3.09447
-0.528044
2.09249
3.42374
-0.757831
-1.68384
0.855971
1.56426
3.42374
3.42374
2.83919
0.884847
-2.29855
3.42374
2.09249
3.42374
2.65691
-1.57922
-1.70395
0.884847
1.35284
1.85661
0.855971
0.347194
2.83919
3.42374
-1.35788
2.32883
-3.09447
1.02118
2.52604
2.58822
-0.350603
-0.298447
3.42374
-2.39701
-1.58942
-2.34494
-2.29855
-2.29855
2.09249
-2.29855
2.09249
2.86877
0.884847
1.63652
-2.25467
-2.12582
-1.4764
2.09249
1.14813
-0.924727
0.449094
1.69737
-1.70395
0.884847
2.58822
-2.77511
-2.39701
2.58822
-1.52756
0.884847
-0.924727
-0.909358
-1.70395
1.56753
2.32883
-0.734918
-2.29855
-0.350603
-0.393605
2.37754
-0.168007
2.37754
2.83919
-0.196917
1.25825
1.83432
-1.98225
-1.4764
3.42374
-1.70395
0.655316
-0.0614219
0.884847
3.42374
-1.70395
0.884847
-1.11395
1.69737
3.42374
2.03208
1.69737
3.42374
-2.98074
-1.4764
3.42374
3.42374
2.80147
-1.64464
2.83919
0.347194
3.42374
-2.77201
-3.28861
-1.51511
-2.29855
2.37754
2.65691
1.00504
-0.924727
0.0589309
-1.4764
-3.09447
2.37028
-0.689626
-1.52756
2.37754
0.33428
-2.72942
3.23266
-3.09447
-3.28861
-2.45892
-0.298447
-0.157618
-0.168007
1.80141
1.00504
-1.19666
1.63652
2.37028
-1.41715
2.83919
-2.29855
3.42374
3.42374
-2.29855
1.22801
2.37754
0.918082
3.42374
2.33985
3.42374
-1.11395
-0.909358
-2.98074
2.80147
2.37754
2.09249
3.42374
1.34804
2.37754
-2.13535
-2.77511
3.42374
-1.4764
2.86877
3.42374
2.80147
2.33985
-2.34494
2.58822
-2.25467
-2.39701
1.56753
-0.168007
-1.11395
1.77435
-1.98225
2.80147
-2.29855
-2.29855
-2.98074
-2.77511
0.0226459
3.42374
1.43326
-0.298447
-2.29855
0.884847
2.37754
-3.09447
3.42374
0.855971
2.83919
-3.28861
0.448807
-1.4764
2.86877
-1.50707
-0.734918
3.42374
-0.168007
-0.808259
-0.0200175
0.855971
0.800639
0.696591
1.43326
-1.70395
0.39131
-0.298447
2.33985
2.37754
-0.157618
-3.28861
0.999931
-0.757831
2.37754
2.80147
-0.734918
-2.29855
2.33985
2.83919
3.42374
2.86877
1.0498
-3.28861
2.43099
-2.98074
-1.4764
3.42374
0.884847
-1.70395
2.09249
2.37754
0.286932
0.103959
-1.4764
2.52604
1.85661
0.855971
2.37754
3.42374
-2.77511
2.86877
3.42374
2.58822
-3.09447
-3.28861
0.567403
-3.09447
-1.4764
0.0589309
2.09249
-2.3754
-1.03589
3.23266
0.855971
-1.64464
-2.22536
-2.29855
-1.64464
1.69737
-2.29855
-1.70395
3.42374
1.56753
0.577877
-0.983717
1.77435
-0.5663
-0.298447
-0.689626
-1.4764
0.884847
-1.88197
3.42374
0.861202
3.23266
3.42374
-1.4764
-1.4764
-2.29855
2.65691
2.86877
-0.350603
-3.28861
-3.28861
3.42374
2.37754
2.00276
0.59565
-2.29855
3.42374
2.83919
-1.4764
-1.11395
0.448807
0.884847
0.884847
-1.52756
-2.39701
-2.29855
0.119373
0.959517
2.37754
2.58822
2.37754
-0.757831
-1.50707
-0.298447
-2.25467
3.42374
3.42374
-2.04241
3.23266
3.42374
-1.50707
1.00504
-2.29855
1.85661
0.503551
0.999931
-2.45892
2.37754
2.09249
-1.83864
-2.22536
-0.393605
0.884847
2.65691
2.32883
0.667324
0.0589309
-2.77201
-3.09447
2.37754
-2.72942
1.80141
0.301022
1.85661
2.6455
-1.4764
-0.168007
-2.39701
3.42374
-1.4764
-0.0213242
-1.4764
0.0589309
-3.28861
3.42374
-3.28861
-1.4764
-2.22536
2.1632
1.1573
0.0589309
3.42374
1.08329
1.08329
-2.39701
0.375263
-2.25467
2.1632
-3.09447
0.0589309
0.837807
3.42374
1.0498
1.63652
-1.70395
0.918082
2.83919
0.0589309
0.39131
3.01298
-2.3754
-0.298447
2.09249
0.375263
1.69737
-2.29855
2.09249
2.09249
-1.70395
1.00504
0.884847
-3.28861
2.83919
-1.11395
-1.47578
1.08329
1.85661
-1.11395
-1.4764
3.23266
1.69737
-1.64464
3.42374
3.42374
3.42374
3.42374
-0.990094
-1.35788
1.22801
-0.350603
-0.757831
3.42374
-3.28861
2.43099
-1.4764
3.23266
2.32883
0.855971
2.83919
-2.29855
3.42374
1.08329
-1.4764
3.01298
-2.29855
3.42374
2.3052
-0.298447
-0.878936
-2.13535
0.33428
0.0589309
3.23266
2.37754
-2.25467
1.69737
-2.61022
3.42374
-2.33637
3.01298
-1.11395
-1.70395
1.41883
0.448807
-1.47578
-1.76359
2.37028
-1.70395
2.86877
0.33428
-2.33637
-1.11395
0.855971
-2.3754
-2.39701
-0.298447
3.42374
2.83919
3.42374
3.42374
2.37754
-2.5572
1.14456
-2.72942
-0.206197
0.0589309
2.09249
2.83919
2.14249
2.37754
3.42374
-2.3754
-1.4764
3.42374
0.884847
3.42374
0.0589309
-2.13535
0.347194
3.42374
1.50322
2.83919
-2.29855
-1.4764
-2.39701
2.6455
-1.11395
3.01298
-0.0200175
2.86877
0.0589309
-0.734918
3.42374
2.09249
-1.4764
-2.33637
-2.45892
-3.09447
0.0589309
1.56753
-0.298447
3.42374
0.59565
-1.45309
3.42374
1.43326
1.69737
-2.29855
0.855971
-2.22536
2.1632
3.42374
-1.45309
0.855971
-2.29855
-2.98074
-1.11395
2.37754
-1.70395
0.800639
2.65691
-1.68384
1.56753
1.9846
-0.393605
-1.4764
0.655316
3.42374
-1.81647
-1.70395
2.58822
-0.878936
-0.298447
3.42374
1.69737
-3.28861
0.800639
-1.4764
-0.298447
0.884847
2.09249
1.69737
3.42374
-0.298447
3.42374
1.35284
2.00276
3.42374
-2.29855
-3.28861
3.42374
2.37754
2.37754
3.42374
0.855971
3.42374
-2.29855
-1.52756
3.42374
3.42374
3.42374
3.42374
-2.77201
-2.72942
-1.03589
3.42374
2.37754
-1.4764
1.69281
-2.25467
3.42374
0.655316
1.21756
0.0723027
2.3052
2.37754
3.42374
3.42374
-2.22536
2.37754
-3.28861
-2.25467
-3.28861
2.37754
1.00504
2.32883
-2.77201
3.42374
0.959517
-2.29855
2.37754
-0.298447
0.0589309
3.42374
2.37754
0.0589309
0.884847
1.22801
0.0589309
3.42374
2.83919
2.37754
-2.22536
1.08329
3.42374
2.83919
0.884847
3.23266
1.56753
1.00504
0.59565
3.42374
0.884847
-2.45892
0.884847
2.83919
0.577877
3.42374
2.09249
-2.77201
