0.0143521
-0.00616089
-0.014339
89.9992
0.00966825
-0.0261642
-89.9987
-0.0666638
0.0666579
0.0666579
-0.00801716
-0.0320832
-0.0166654
-0.0123247
0.0333297
-0.0202495
0.0173034
0.0666579
-89.9975
0.000978392
-0.00801716
-89.9975
0.013587
-0.0345778
87.8236
-0.0666638
0.00371368
0.012313
-89.9975
-89.9975
-0.0333312
-89.9994
-0.0172937
-0.0666638
0.00590401
0.0320444
-0.0345778
-0.00207717
0.00966825
0.0116688
0.00742865
0.0143521
-0.0345778
0.0346165
0.02222
0.0666579
-0.0160367
0.013587
0.0157757
87.8236
87.8236
0.0157757
0.0333297
-0.0135841
0.0666579
87.8236
87.8236
0.0197424
87.8236
-0.0333312
-0.0160367
-89.9975
89.9975
-0.0197475
-0.00958059
87.8236
-0.0666638
87.8236
-0.0666638
0.0271769
-0.0222206
-0.0135841
0.00742865
-0.0261642
-0.0160367
0.0197424
-89.9975
0.0666579
-0.0172937
-0.0333312
89.9994
0.00332423
-89.9987
-89.9975
-0.0666638
0.00681338
-0.0160367
0.0333297
89.9975
87.8236
0.012313
-89.9975
0.0333297
0.0666579
-0.00742353
-89.9987
-0.0129164
-0.014339
-0.0123247
89.9992
-0.0666638
0.0082435
-89.9994
0.0271769
-0.0113195
-0.014339
0.02222
0.0149907
-0.0108373
-0.0108373
87.8236
87.8236
87.8236
89.9975
0.0666579
87.8236
-0.00742353
-89.9975
-0.0666638
0.0108786
0.0666579
-89.9975
-0.0333312
-0.0222206
-0.0261642
0.0157757
0.0346165
87.8236
0.00166235
0.0666579
87.8236
-0.0129164
-0.0271652
0.00625544
-0.00551026
-89.9975
0.0333297
-89.9975
89.9975
0.0666579
-0.0320832
89.9975
0.0143521
-89.9975
0.0271769
0.0346165
-89.9975
0.0173034
89.9975
0.012313
-0.0666638
0.0202537
0.0143521
-0.00332607
0.0157757
-0.0345778
87.8236
0.0320444
-0.0133323
89.9975
-0.0666638
89.9975
-89.9996
0.0197424
-0.00967357
-0.0115302
-0.0333312
-89.9996
-0.0222206
87.8236
-89.9987
87.8236
-0.0129164
89.9987
-0.0333312
0.0320444
-0.0149964
-0.0106901
-0.0345778
-89.9987
0.0158349
87.8236
0.012313
87.8236
-0.0197475
-89.9975
0.0666579
-0.0666638
0.0666579
0.0271769
-0.0320832
-0.00590818
-0.0202495
0.0261511
-0.0333312
-0.0172937
-0.0197475
-0.0123247
-0.0135841
0.0346165
0.010843
-0.0666638
-0.0666638
0.0666579
-0.0130805
87.8236
0.0129173
-0.00742353
87.8236
0.0143521
-89.9975
-0.0197475
87.8236
0.0261511
-0.0666638
-0.0666638
0.0666579
0.0666579
87.8236
89.9987
0.0143521
-0.0666638
87.8236
-0.00521544
0.0320444
87.8236
-0.0123247
0.0320444
0.0333297
87.8236
-0.00616089
0.0100276
0.012313
0.02222
-0.00616089
0.0087185
89.9987
-0.00295357
0.02222
0.00717439
-0.0123247
-89.9992
0.00139057
-0.0666638
0.00246155
89.9987
89.9975
-0.0261642
-0.00958059
87.8236
0.0320444
0.00478257
0.0202537
-0.0333312
-0.015833
-0.015833
-0.0160367
-89.9992
87.8236
-0.0666638
0.013587
-0.0123247
-89.9975
89.9975
0.0143521
-0.0261642
0.0116688
89.9975
-0.00870911
0.012313
-89.9975
-0.0345778
0.0158349
-89.9992
-0.015833
-0.00314268
-0.0333312
0.0197424
-89.9975
0.0038289
0.00139057
-0.0345778
-89.9987
-0.0108373
0.0271769
87.8236
-0.0345778
0.013587
-0.00625335
-0.0108373
89.9975
0.0666579
87.8236
87.8236
0.00625544
-0.0666638
-0.0160367
0.0346165
87.8236
87.8236
0.0666579
0.00437557
-0.0123247
-0.0666638
-0.0666638
-0.0261642
87.8236
-0.0333312
0.0271769
89.9975
0.00615797
-0.00759543
87.8236
0.0261511
0.010843
-0.015833
87.8236
-0.0166654
87.8236
0.0346165
0.0149907
-89.9975
0.0143521
87.8236
0.0261511
87.8236
-0.0197475
-0.0123247
-0.0157704
0.0346165
87.8236
-0.0666638
89.9987
0.0157757
87.8236
0.0149907
0.0115345
-0.00332607
0.0666579
87.8236
0.0666579
0.0666579
0.00550833
87.8236
0.00521421
-0.00967357
-0.0202495
0.0197424
0.0173034
0.012313
-89.9975
0.0320444
-0.0222206
0.0143521
-0.0666638
-0.0666638
0.0160271
0.0149907
-0.0133323
0.0666579
0.0346165
-0.00541936
-0.0271652
0.00590401
-0.0666638
-89.9975
-89.9994
0.0173034
0.0346165
-0.00207717
-0.0333312
0.00615797
0.0346165
0.0320444
87.8236
-0.00305038
-0.0271652
0.0271769
-0.0123247
87.8236
-0.0666638
89.9987
-0.00168761
-0.00679239
0.0666579
-0.0666638
0.012313
-0.014339
-0.0107418
87.8236
0.00590401
0.0320444
-0.0157704
-0.0345778
0.010843
-0.0166654
-0.0320832
-0.0666638
87.8236
0.0346165
-89.9975
87.8236
0.0109712
0.00225896
87.8236
0.0666579
87.8236
-0.0271652
0.0143521
87.8236
0.0130772
0.012313
0.0346165
0.0320444
-0.0320832
0.0320444
-0.0271652
-0.0271652
0.00865049
-0.0115302
-0.0133323
89.9994
-89.9975
-0.0320832
0.0333297
-0.0666638
0.0143521
-0.0149964
0.00742865
-89.9975
0.0261511
89.9992
0.0271769
-0.014339
0.0346165
89.9975
-0.00332607
-0.0320832
-0.0108373
-0.0197475
0.0197424
0.0197424
-0.0333312
-0.00487595
87.8236
87.8236
-0.0261642
-0.00332607
0.0143521
-0.0666638
0.0261511
87.8236
-0.0271652
-0.0222206
-0.0135841
0.00938335
-0.0333312
0.00742865
-0.00571256
-0.0155371
87.8236
-0.0261642
-0.0666638
-0.0333312
0.012313
-0.0345778
-0.0320832
0.012313
-0.0666638
-0.0333312
0.0666579
87.8236
0.0666579
-0.00742353
0.0320444
-0.00221204
0.00742865
-0.0155371
0.0106858
-0.0320832
-0.0013911
-0.0197475
0.0197424
-0.00103847
0.00542078
-0.0271652
87.8236
-0.00864807
-0.0320832
-89.9975
0.00788129
87.8236
87.8236
0.0115345
0.0155347
-0.0271652
0.0113176
0.00207623
0.0143521
89.9975
87.8236
0.0346165
-0.0222206
-0.00625335
-0.0345778
-89.9975
0.0666579
-0.00801716
0.0157757
87.8236
0.0320444
87.8236
89.9992
89.9975
0.0333297
-0.0157704
0.010843
-0.00788585
0.00749606
0.0173034
0.0666579
0.00728541
0.0346165
89.9975
0.0666579
-0.00332607
0.0155347
0.00305174
89.9975
89.9987
0.016665
0.0149907
0.0271769
-0.0666638
-0.0666638
-0.0333312
89.9994
-0.0135841
0.0666579
-0.0166654
0.0333297
-0.0222206
-0.00551026
0.0261511
87.8236
0.0261511
0.0116688
0.0346165
-0.00967357
0.0666579
-0.0345778
-0.0123247
0.0202537
89.9975
-0.0108373
0.0346165
0.0103602
0.00207623
0.0261511
-0.00332607
0.0346165
-0.0160367
-0.0666638
0.00865049
89.9987
0.0202537
89.9996
0.0320444
0.0346165
0.0130772
0.00615797
0.012313
0.00109112
0.00451853
0.00717439
89.9975
-0.0666638
87.8236
0.0320444
0.0143521
0.0160271
-89.9975
0.0666579
0.0130772
0.0103602
89.9975
89.9975
-0.0345778
-0.0345778
0.0106858
87.8236
-0.00305038
0.0087185
-0.0108373
0.0133321
0.0271769
0.0116688
-0.00590818
0.00332423
-89.9975
0.0111101
87.8236
0.0143521
-0.00742353
0.0103602
-0.0666638
87.8236
89.9975
87.8236
89.9975
0.0261511
-0.00967357
-0.00168761
0.00840616
87.8236
-89.9994
0.0346165
-0.0113195
0.0666579
-0.0222206
0.0320444
87.8236
-0.0108373
-0.0222206
0.00759252
89.9975
0.0143521
-0.00967357
87.8236
-89.9992
87.8236
-0.00503309
-0.00590818
0.0320444
-0.0333312
-89.9975
0.0157757
-89.9987
-0.0345778
0.0158349
-0.0123247
0.016665
-0.0345778
0.0095785
0.0333297
-0.0320832
-0.00717112
-0.0320832
-0.0666638
-0.00332607
-0.0157704
89.9996
0.012313
0.00625544
-0.0123247
-0.0666638
-0.0666638
0.00451853
0.00615797
0.00503508
87.8236
0.0346165
89.9975
-89.9975
0.0202537
0.0157757
89.9975
-0.0345778
-0.014339
0.0666579
0.012313
-0.00788585
-0.0345778
0.0129173
0.00590401
-0.00358597
89.9975
0.0346165
-0.00207717
-0.0320832
87.8236
87.8236
-0.0166654
-0.0271652
0.0271769
-89.9994
0.0346165
-0.0666638
-0.0113195
87.8236
-0.0116671
0.0666579
-0.0666638
-0.0149964
0.0346165
87.8236
0.0666579
-0.00456277
87.8236
0.0346165
-0.015833
0.02222
0.00740673
87.8236
87.8236
0.0320444
-0.0320832
0.0346165
0.010741
-0.0320832
89.9987
0.00840616
89.9987
-0.0320832
-0.0133323
87.8236
0.00717439
87.8236
0.0143521
-0.0197475
0.0160271
0.0666579
89.9994
0.0079172
0.00717439
0.016665
-0.0320832
87.8236
87.8236
-0.0261642
0.0100276
0.0261511
-0.0100256
87.8236
-0.0666638
87.8236
-89.9987
87.8236
0.0333297
-0.0261642
89.9987
-0.0333312
0.0320444
-0.00451608
0.0333297
-89.9975
0.0320444
0.00133754
0.00966825
-0.0320832
-0.0197475
-0.0123247
-0.0345778
87.8236
89.9992
-89.9975
-0.0115302
-0.0271652
-89.9975
87.8236
0.0160271
-0.0666638
-0.0666638
87.8236
-0.00375321
87.8236
-0.00987311
0.0346165
87.8236
87.8236
87.8236
-89.9975
87.8236
87.8236
0.0109712
-0.0666638
-0.00207717
-0.0666638
87.8236
89.9975
87.8236
0.0261511
-0.0333312
-89.9987
-0.014339
0.0666579
89.9975
-0.0271652
0.0346165
-89.9975
87.8236
87.8236
-0.015833
0.0666579
-0.00451608
-0.0320832
-0.00967357
-0.0666638
-89.9975
0.0115345
0.010741
89.9992
89.9994
-0.014339
0.0346165
-0.00717112
89.9975
-0.0222206
0.00717439
0.00938335
-0.0116671
87.8236
0.0261511
87.8236
-0.0345778
89.9975
0.0666579
-0.00207717
0.0346165
-89.9992
0.0346165
-0.0123247
0.00759252
-0.00416137
0.00742865
-0.0108373
-0.00551026
0.0333297
0.012313
87.8236
-0.0202495
-0.0271652
-89.9992
0.0155347
-0.00284966
89.9975
87.8236
-0.014339
-0.014339
0.00759252
0.0271769
0.012313
89.9975
87.8236
0.0127213
-0.0333312
-0.0345778
0.0202537
0.0160271
0.00415968
0.0333297
-0.0271652
-0.00332607
-0.00284966
0.0173034
-0.0333312
87.8236
-89.9975
87.8236
-89.9987
87.8236
-89.9975
-89.9975
-0.0166654
-0.00616089
0.0666579
-0.0666638
0.0197424
87.8236
0.0320444
0.0320444
89.9994
0.0143521
0.0127213
0.0111101
-0.0123247
87.8236
-0.0157704
-0.0123247
0.0101263
87.8236
-0.0123247
-0.0123247
-0.00616089
0.010843
87.8236
87.8236
87.8236
0.00139057
0.0271769
-0.00864807
-0.0123247
87.8236
-0.0129164
87.8236
89.9975
89.9975
-0.00840312
-0.0103633
-89.9975
-0.015833
0.012313
0.0666579
-0.0123247
-0.0222206
-0.0345778
0.0202537
89.9975
-0.00717112
0.016665
-0.00551026
0.0666579
-0.0123247
-0.0157704
-0.0345778
89.9975
0.0116688
0.0666579
-0.0155371
-0.0108373
0.00742865
0.0666579
0.00550833
87.8236
0.0666579
0.0261511
0.00478257
-0.0345778
87.8236
89.9975
0.0333297
89.9987
-89.9987
0.0261511
89.9975
-0.014339
-89.9975
-0.0345778
0.0333297
-0.0345778
-0.00332607
87.8236
0.0271769
0.013587
0.012313
87.8236
-0.00590818
-0.0222206
0.0069202
0.0157757
-0.00295357
87.8236
-0.0108781
-0.00590818
-0.0160367
0.0261511
0.00742865
-0.00952305
-0.0261642
0.0069202
0.0346165
0.00742865
0.0202537
-0.0157704
-0.0666638
0.012313
-0.0666638
87.8236
87.8236
0.0271769
87.8236
87.8236
-0.0155371
-0.0666638
89.9975
0.0155347
-0.00426496
-89.9975
89.9975
-0.0160367
-0.0149964
-0.0345778
0.00966825
-0.0157704
-0.00503309
-0.0666638
-0.0222206
0.00332423
0.0127213
-0.00585008
0.0666579
87.8236
-0.0113195
-89.9987
0.02222
87.8236
-0.0166654
-0.0271652
89.9975
0.0143521
89.9992
87.8236
-0.0333312
-0.0115302
-0.014339
-89.9975
0.010843
87.8236
89.9987
0.0333297
89.9992
-0.0333312
-0.00487595
-0.0261642
-0.00967357
0.0143521
-0.0130805
89.9975
-0.0160367
-0.0320832
89.9994
87.8236
-0.0320832
-0.0261642
89.9975
-0.00616089
-0.0666638
0.0271769
0.0127213
87.8236
0.016665
-89.9994
0.0095785
0.00295252
-0.0123247
-0.00451608
89.9975
89.9975
89.9975
-0.0108373
-89.9987
-0.0202495
0.00615797
-0.014339
-89.9975
87.8236
0.0320444
0.0129173
0.0346165
0.0143521
-0.0111102
87.8236
-0.0157704
-0.0108781
0.00742865
0.00305174
-89.9992
-0.0149964
-0.0157704
-0.0222206
89.9975
87.8236
0.00742865
-0.00967357
-0.0345778
87.8236
0.0173034
-0.0133323
0.010741
87.8236
-89.9975
-0.0149964
0.0261511
-0.0123247
-0.00871996
-89.9987
87.8236
-0.00817587
-0.0333312
-0.0666638
0.0666579
89.9987
0.0666579
0.0115345
87.8236
0.0333297
0.0346165
87.8236
87.8236
-89.9995
0.02222
-0.0345778
89.9975
89.9975
-89.9975
-89.9992
-0.00641353
0.012313
-89.9975
0.0157757
0.0333297
89.9987
-0.0197475
-0.0133323
-89.9975
-0.0133323
-89.9975
-0.0115302
-0.0261642
-89.9987
-0.0116671
-89.9975
0.0333297
-0.0666638
-0.0320832
-0.0320832
0.00590401
0.00952293
-0.0020669
0.0346165
89.9987
-89.9992
0.0666579
87.8236
0.0320444
0.0157757
87.8236
0.0666579
87.8236
87.8236
0.00451853
87.8236
-0.0130805
0.0143521
-0.00788316
87.8236
-89.9975
-0.0123247
0.0160271
-0.0013911
0.0261511
-0.0202495
87.8236
87.8236
0.0333297
0.0106858
-0.00625335
89.9975
-0.0666638
-0.0345778
-0.0666638
-0.00295357
89.9975
0.0346165
87.8236
87.8236
89.9975
0.0320444
-0.00967357
-0.0222206
-0.0666638
87.8236
0.0133321
-89.9975
-0.0123247
-0.0345778
0.0666579
-0.00840312
-0.0197475
0.012313
-89.9975
-0.0271652
-89.9975
0.0320444
0.00890021
-0.0261642
-0.0345778
-0.0106901
-0.0106901
-0.0135841
-0.0149964
-0.0222206
-0.00332607
0.00865049
-0.0320832
0.0143521
-0.0172937
0.00314178
-89.9975
-0.0666638
0.00168816
0.00207623
0.0108786
0.0271769
-0.0271652
-0.0157704
-0.0166654
0.0666579
-0.00801716
-89.9987
0.0666579
-89.9987
87.8236
-0.00967357
-0.0320832
-0.0345778
0.0666579
0.012313
0.0261511
0.0261511
-0.0271652
-0.0108781
-0.0320832
89.9975
-0.0320832
0.0160271
87.8236
89.9987
89.9975
-0.0345778
87.8236
-0.0013911
87.8236
0.0346165
-0.00305038
87.8236
-0.0103633
-0.0222206
-89.9975
87.8236
0.010843
-0.0333312
-0.00759543
0.013587
-89.9987
-0.0129164
0.00501354
-0.00521544
0.0666579
-0.0666638
89.9975
0.0103602
0.0666579
0.0346165
-89.9975
-89.9994
-0.0333312
-0.0320832
87.8236
87.8236
89.9994
0.0173034
89.9987
-0.014339
-0.00284966
0.0160271
-0.0333312
-0.015833
-0.0100256
-0.00647645
87.8236
-0.0666638
0.0346165
0.0346165
0.0197424
-0.0261642
0.0333297
-0.00720157
0.0101263
0.00332423
-89.9975
87.8236
-0.0202495
-89.9994
-0.00616089
0.00218058
0.00840616
0.00332423
87.8236
-89.9987
87.8236
87.8236
-89.9975
-0.0149964
89.9992
0.00590401
89.9975
-0.0271652
-0.00759543
0.0320444
-0.00478111
0.00837744
-89.9975
-0.0133323
0.0320444
0.00332423
0.00550833
0.02222
89.9975
87.8236
0.0320444
-0.0666638
-0.0320832
0.0157757
87.8236
-0.0155371
-0.0320832
0.02222
89.9987
0.0346165
0.00720082
-0.0345778
-0.00967357
-0.0320832
-89.9975
-0.00616089
0.0320444
0.0143521
-89.9975
-0.0160367
-0.0202495
0.00590401
89.9994
87.8236
-0.0160367
-0.0133323
0.00590401
-0.0666638
0.0173034
-0.0155371
0.0666579
0.00742865
89.9975
0.0666579
-0.015833
0.0173034
87.8236
-89.9987
-89.9975
-0.0108373
0.0197424
-0.0271652
87.8236
-0.00864807
-0.0333312
-0.0222206
-0.0345778
0.0261511
87.8236
0.0320444
-0.0172937
-0.0157704
87.8236
0.0666579
87.8236
89.9987
0.0320444
89.9995
-0.0320832
-0.0666638
0.013587
-0.0157704
89.9975
89.9987
-0.0222206
0.0346165
89.9987
0.0320444
-0.0666638
0.012313
0.0202537
89.9975
87.8236
0.012313
89.9987
89.9975
87.8236
-0.0345778
0.00225896
-0.0345778
0.0320444
0.00534343
0.0320444
89.9987
89.9975
-0.0333312
0.0666579
-0.0133323
-0.0271652
-0.0345778
0.0333297
0.0143521
-0.0333312
87.8236
87.8236
-0.0320832
0.0113176
87.8236
87.8236
-0.0123247
0.0095785
-0.0333312
0.0271769
-0.00576565
89.9975
0.0333297
-0.0320832
87.8236
-0.00616089
89.9975
0.0320444
0.0130772
-0.0345778
-0.014339
-0.0222206
89.9975
-0.00332607
0.0160271
-0.0345778
-0.0333312
87.8236
87.8236
-0.0133323
0.00295252
-0.00590818
-0.0106901
-0.00889953
0.0320444
0.0261511
87.8236
0.0202537
0.00168816
-0.0123247
0.0666579
0.016665
-0.0013911
87.8236
0.0666579
87.8236
0.0108786
-0.0222206
87.8236
87.8236
0.00816525
0.0666579
0.00966825
0.0271769
-0.0160367
-0.00207717
-89.9995
89.9975
0.00332423
0.0333297
-0.0333312
0.00717439
-0.0149964
87.8236
0.012313
-0.0271652
0.0346165
87.8236
0.0160271
-89.9987
-0.0333312
0.0160271
-0.0345778
-89.9975
0.0158349
0.0115345
-0.0666638
-0.0123247
89.9992
87.8236
87.8236
-0.0197475
0.0160271
-0.0271652
87.8236
89.9975
-0.0106901
0.00332423
-0.0157704
0.0333297
87.8236
0.012313
-89.9975
0.00615797
87.8236
-0.0106901
87.8236
-89.9975
87.8236
-0.014339
0.0082435
0.0666579
0.0155347
87.8236
-0.00759543
0.0271769
-0.0666638
-0.0271652
-0.014339
87.8236
-0.0666638
89.9994
0.0160271
-0.00837563
87.8236
0.00590401
-0.0320832
-0.0113195
87.8236
87.8236
0.016665
87.8236
-0.00590818
-0.00416137
0.00928159
-89.9975
-0.00625335
0.0320444
-0.00207717
-0.0109683
0.0666579
0.0261511
87.8236
-89.9975
87.8236
-0.0172937
87.8236
0.0346165
-0.0155371
0.0130772
87.8236
0.0320444
0.013587
87.8236
87.8236
-0.0127226
0.0320444
-0.0666638
-0.0345778
89.9975
0.0333297
0.0197424
89.9987
87.8236
0.0261511
-89.9992
87.8236
-0.0345778
87.8236
0.0173034
0.00415968
0.00295252
-0.014339
0.0346165
0.00332423
87.8236
0.0143521
0.0143521
0.010843
-0.014339
87.8236
-0.0222206
-0.015833
-0.00647645
87.8236
89.9992
0.00742865
87.8236
-0.00625335
-0.0666638
-0.0271652
0.02222
-0.0271652
0.0160271
89.9987
0.00521421
87.8236
-0.0123247
-0.0666638
0.0173034
0.00615797
0.00717439
89.9994
-0.0106901
-0.00590818
0.0155347
87.8236
0.0346165
0.00742865
-0.00358597
0.00837744
0.0666579
0.012313
-0.00207717
-0.0037124
-89.9975
0.00675077
0.0320444
0.0108786
89.9975
-0.0130805
-0.00305038
87.8236
-0.0123247
87.8236
87.8236
-0.0123247
-0.015833
89.9987
0.0320444
0.0155347
89.9975
87.8236
-0.0271652
0.012313
-0.00717112
0.00742865
0.00207623
-0.00590818
0.0271769
0.0033598
0.012313
87.8236
0.00615797
-0.0333312
0.0320444
0.0346165
87.8236
87.8236
0.00332423
-0.0123247
0.00298427
-0.0149964
0.00788129
0.0157757
-0.0320832
89.9994
-0.0345778
-0.0666638
-0.0333312
0.0333297
87.8236
-89.9992
-89.9994
-89.9987
0.0333297
0.0143521
0.00742865
0.00410563
0.0666579
-0.0133323
-0.0166654
-0.00451608
-89.9987
89.9975
-0.00801716
-0.014339
-0.0109683
89.9987
-0.0666638
-0.00840312
-0.0666638
0.0143521
87.8236
87.8236
0.0106858
0.00332423
-0.0666638
-0.00590818
-0.00967357
-89.9975
87.8236
-0.00616089
0.0157757
89.9992
87.8236
0.0106858
87.8236
0.010843
-0.0123247
-0.0345778
0.00590401
-0.0160367
-89.9992
-0.00625335
-89.9975
89.9975
0.0346165
-0.0345778
-0.0261642
-0.0271652
0.012313
89.9994
0.0143521
0.0346165
0.010843
87.8236
0.0333297
-0.00451608
-0.0129164
89.9987
87.8236
-0.00905636
0.00221287
-0.0345778
0.0130772
87.8236
87.8236
87.8236
-89.9975
0.0160271
87.8236
0.0333297
-0.015833
0.0271769
0.0271769
87.8236
-0.00791674
0.0109712
0.0346165
-0.0320832
0.00305174
87.8236
-0.0123247
0.0320444
89.9975
0.0127213
-0.0197475
0.0173034
-0.00590818
0.0320444
-0.0197475
0.0666579
0.0143521
-0.0320832
89.9975
-0.00616089
-0.00776826
-0.0345778
87.8236
89.9975
-89.9994
87.8236
87.8236
0.00615797
0.0271769
89.9975
0.0320444
-0.015833
0.0666579
0.0333297
0.0666579
-0.00759543
-0.0271652
0.0320444
-0.00967357
87.8236
87.8236
0.0106858
-0.0333312
-0.0271652
-0.0108781
-0.0202495
-0.00590818
0.0320444
89.9995
0.0320444
-89.9987
0.013587
-0.014339
89.9987
-0.0320832
-0.00416137
-0.014339
0.0100276
0.0149907
0.0202537
0.0346165
-0.0107418
89.9987
87.8236
0.00749606
-0.0345778
-0.00742353
0.0271769
0.02222
-0.0271652
0.013587
-89.9995
87.8236
-0.014339
0.013587
-0.0108373
-0.0172937
-0.0166654
-89.9975
87.8236
-0.00565952
87.8236
-0.00742353
0.0346165
0.0320444
0.012313
0.00451853
-0.0271652
0.0113176
-89.9987
87.8236
0.0173034
0.0271769
-0.00590818
-0.0261642
-0.0666638
0.0129173
87.8236
87.8236
-0.0202495
0.0173034
-0.00196893
89.9975
-0.0320832
89.9987
0.00221287
89.9975
89.9975
-0.0123247
-0.0320832
87.8236
-0.015833
0.0130772
0.0155347
0.00634853
0.0106858
0.00615797
-0.00590818
0.0666579
0.0666579
0.00550833
-0.00305038
-0.0666638
0.00275441
0.0666579
87.8236
-0.0160367
-89.9975
-0.0666638
-0.0320832
-89.9975
-0.0666638
0.0149907
0.00207623
89.9975
0.00305174
-0.0222206
0.0197424
-89.9992
0.0261511
-0.00967357
87.8236
0.0116688
0.00415968
-0.0106901
-89.9975
-0.00451608
0.00625544
89.9975
0.0160271
87.8236
-0.0345778
-89.9975
0.0320444
0.0160271
-0.0261642
0.0103602
89.9992
89.9975
-0.0666638
0.0143521
-89.9994
-0.00590818
-0.0261642
-89.9987
89.9975
0.0320444
-0.00168761
-0.0013911
0.0149907
87.8236
0.0103602
0.00776764
0.0666579
89.9975
87.8236
0.00634853
89.9975
-0.00905636
87.8236
0.0346165
-89.9987
0.00702243
89.9987
-0.0333312
0.00759252
-0.014339
89.9975
0.0173034
0.0346165
89.9975
-0.0123247
0.0320444
87.8236
-0.00451608
0.0087185
-0.0113195
-0.0149964
0.0271769
-0.0271652
0.0149907
-0.014339
-0.0333312
0.0106858
0.0108786
0.0320444
0.0261511
0.0320444
-0.00987311
-0.0129164
-89.9975
89.9994
-0.0345778
-89.9975
0.0143521
0.0666579
0.016665
0.02222
-0.0345778
0.0666579
0.0346165
0.0320444
-0.0666638
87.8236
-0.00681151
0.0157757
-0.00905636
0.0143521
0.0346165
-0.0056681
0.00451853
87.8236
0.0197424
-0.00332607
87.8236
-0.0202495
0.012313
-0.0345778
-0.0345778
-0.00451608
0.0157757
-89.9975
0.0320444
-0.0666638
87.8236
-0.0320832
-89.9975
87.8236
-0.0666638
0.0013001
-0.0222206
-0.0100256
-0.0106901
89.9987
-0.0123247
-0.0172937
0.0666579
-0.0166654
-0.0155371
87.8236
0.0115345
0.0103602
0.0197424
-0.0320832
89.9987
87.8236
89.9975
0.00415968
-0.0160367
-0.0261642
0.0173034
0.00371368
-0.0172937
0.0113176
-0.0271652
89.9992
87.8236
0.0160271
89.9975
0.0320444
-0.00928213
87.8236
-0.0320832
-89.9992
-0.0261642
-0.0333312
89.9987
-0.00733427
-0.0166654
0.0666579
0.0666579
0.0113176
0.0666579
87.8236
-0.0113195
0.016665
-0.0320832
-0.0345778
-0.0172937
-89.9975
0.00207623
87.8236
-0.0123247
-0.0333312
-0.00967357
0.0666579
0.0143521
0.0320444
-0.0222206
0.0666579
0.00720082
0.00966825
0.00759252
0.0202537
-0.0666638
0.0346165
0.0666579
-0.0222206
-0.0261642
0.016665
-0.0123247
0.0346165
-0.014339
0.0666579
0.0155347
-0.0149964
-0.0172937
0.0160271
0.0130772
-0.0666638
87.8236
-0.0155371
0.010843
-0.0333312
87.8236
89.9987
0.00619366
0.0320444
0.0160271
-0.0202495
89.9975
0.0173034
0.0666579
0.00447828
-0.0333312
0.0197424
-0.0345778
89.9987
87.8236
-0.0320832
0.0130772
87.8236
-0.00451608
-0.00742353
-89.9975
0.02222
-0.0202495
0.0157757
0.0666579
-0.0345778
0.0333297
0.0261511
-0.0666638
0.0666579
-0.014339
-0.0666638
-0.00967357
-0.0666638
0.012313
0.0261511
-0.0666638
0.0160271
89.9975
89.9987
-89.9975
0.016665
0.012313
0.0261511
-0.00958059
89.9975
-89.9975
-89.9975
-89.9975
-0.0127226
0.00987183
0.0666579
89.9975
-0.0129164
0.00615797
-0.0222206
0.00615797
0.0666579
0.0666579
-0.0271652
87.8236
87.8236
-89.9975
87.8236
89.9975
-89.9987
89.9975
-0.0271652
-0.0108373
87.8236
0.0116688
87.8236
-0.0666638
89.9996
-89.9975
87.8236
89.9975
87.8236
-0.0155371
-0.0666638
-0.0345778
0.00788129
89.9996
-0.0149964
87.8236
-0.00305038
87.8236
0.0346165
-0.0666638
-0.015833
87.8236
0.0271769
0.0143521
0.00840616
0.00451853
87.8236
0.0346165
89.9992
-0.00717112
0.00966825
-89.9975
-0.014339
89.9975
87.8236
-0.0333312
0.0666579
0.00837744
-89.9992
0.00207623
0.012313
87.8236
89.9975
89.9987
0.02222
87.8236
0.0320444
-0.0666638
-0.00717112
-0.014339
0.0160271
-89.9995
87.8236
-0.0261642
-0.015833
87.8236
87.8236
-0.0666638
0.0320444
-0.00679239
89.9975
-0.0345778
0.00451853
89.9987
87.8236
0.00938335
87.8236
87.8236
0.0173034
87.8236
89.9987
0.0160271
89.9994
87.8236
87.8236
-0.0261642
-0.0197475
87.8236
0.00384436
-0.0261642
-0.0130805
-0.0067503
-0.0103633
-0.0157704
-89.9987
0.0143521
87.8236
0.0129173
-0.0166654
-0.0345778
87.8236
89.9992
-0.0345778
-0.0108373
-89.9975
-0.0320832
87.8236
87.8236
89.9994
87.8236
0.0320444
89.9975
0.0666579
89.9992
0.013587
0.0143521
-0.00720157
0.0666579
-0.0197475
-0.0261642
-0.0197475
-0.014339
-0.0320832
0.00451853
87.8236
89.9975
87.8236
-89.9975
0.0197424
-89.9975
0.0666579
0.012313
0.0666579
0.00801474
87.8236
0.0202537
0.0158349
0.0333297
-0.00840312
87.8236
-0.00590818
-0.00717112
0.000910938
-0.00967357
0.0155347
-89.9975
-89.9975
-0.00616089
0.00503508
-0.0202495
0.0100276
87.8236
-0.0166654
0.0271769
87.8236
-0.0345778
0.0127213
0.0130772
-0.0320832
-0.00742353
-0.0108373
-0.0666638
0.0271769
-0.0666638
0.00619366
-0.0333312
-89.9994
89.9975
-89.9996
-0.00416137
89.9975
0.0666579
0.0666579
0.0333297
0.00451853
-0.0261642
87.8236
0.0143521
0.0158349
0.0103602
0.0666579
-0.0666638
0.0261511
87.8236
-0.00221204
87.8236
87.8236
-89.9975
0.0666579
89.9987
-0.0261642
-0.0261642
-89.9987
-0.0157704
0.0157757
-0.0320832
-0.00742353
0.0333297
-0.0320832
87.8236
0.0666579
87.8236
-0.00801716
0.00590401
0.00550833
87.8236
87.8236
0.00451853
-0.0160367
0.013587
87.8236
87.8236
89.9987
87.8236
0.0130772
-0.00717112
0.016665
-0.0666638
0.0261511
87.8236
0.0333297
87.8236
-0.0157704
-89.9987
-89.9975
-0.0333312
0.0320444
87.8236
89.9987
0.0666579
87.8236
0.0149907
89.9996
-0.0123247
89.9975
0.0143521
-0.0106901
0.0320444
89.9995
87.8236
-0.00619547
0.00742865
87.8236
-0.0320832
-89.9987
0.00658136
89.9992
0.013587
-89.9987
0.00865049
87.8236
-0.0166654
-0.0271652
-0.0135841
-0.0666638
89.9992
-0.0149964
-0.0666638
0.010843
0.0160271
-0.0666638
-0.0202495
87.8236
-0.0160367
87.8236
-0.0666638
0.0333297
-89.9994
-0.00717112
0.0157757
-0.00295357
-0.0155371
89.9975
-0.00332607
0.012313
87.8236
87.8236
0.0346165
-89.9987
0.0666579
0.0157757
-0.00295357
-0.0155371
-0.0666638
89.9987
87.8236
0.00625544
-0.0271652
0.0346165
-0.0261642
-0.00416137
89.9995
-0.0320832
-0.0271652
-0.0172937
89.9987
-0.0013911
-0.0666638
-0.0345778
-0.0127226
-0.0157704
0.0333297
-89.9992
87.8236
89.9987
-0.00207717
87.8236
-0.0108373
0.016665
-89.9987
0.02222
87.8236
0.0666579
-0.0135841
-0.0333312
87.8236
87.8236
89.9975
87.8236
89.9975
87.8236
87.8236
-0.0113195
87.8236
-0.0261642
0.0271769
-0.0149964
-0.0271652
-0.0155371
87.8236
-89.9995
0.0160271
0.02222
87.8236
-0.00451608
0.0155347
-89.9992
0.0095785
0.0197424
-0.0106901
0.0197424
0.0079172
-0.0123247
87.8236
-0.0345778
0.00451853
87.8236
0.0666579
0.0666579
0.02222
-0.0197475
0.0197424
89.9994
0.012313
-0.0172937
-0.014339
0.0271769
-0.0166654
-0.014339
0.0158349
0.02222
0.0666579
87.8236
0.00207623
-89.9987
0.0320444
-89.9987
-89.9975
-89.9975
87.8236
0.000978392
87.8236
-0.0320832
0.0109712
0.0202537
0.0320444
-0.0149964
89.9975
-89.9975
-0.0197475
87.8236
89.9975
-0.0666638
-0.00958059
87.8236
-0.00295357
0.00503508
0.0143521
-0.00840312
-0.0130805
-0.0261642
87.8236
0.0197424
-0.0261642
87.8236
-0.00742353
0.0346165
-0.0666638
-0.0123247
-89.9975
87.8236
-0.00314268
-0.0155371
0.0320444
0.0346165
-0.0320832
0.012313
-89.9975
87.8236
89.9975
0.0666579
-0.0166654
89.9975
-0.0135841
-0.0108373
87.8236
0.0143521
0.0346165
89.9987
0.0320444
-0.00791674
0.0127213
0.012313
-0.0320832
0.0261511
87.8236
0.0157757
87.8236
-0.00717112
0.0666579
-0.0123247
0.0333297
0.0666579
0.0271769
0.0271769
-0.0333312
0.0133321
-0.00759543
87.8236
87.8236
0.0173034
0.0261511
-0.0202495
0.0149907
0.00478257
-89.9975
87.8236
-0.0135841
0.00207623
0.0666579
89.9992
-0.0103633
0.0333297
-0.0345778
87.8236
87.8236
87.8236
-0.00207717
89.9975
-89.9975
-0.0345778
0.0666579
0.0666579
-0.0271652
-0.0261642
0.0111101
-0.014339
0.0160271
-0.014339
0.0333297
0.0173034
0.0271769
-89.9987
0.0320444
89.9975
0.0149907
87.8236
-0.0113195
0.00590401
-0.0172937
-0.0123247
0.00865049
0.0155347
-0.00967357
89.9975
0.012313
-0.0197475
-0.0135841
0.00225896
0.0333297
-0.0202495
-0.0666638
87.8236
-89.9975
-89.9975
87.8236
0.00681338
89.9975
87.8236
-0.0333312
87.8236
87.8236
0.0261511
-0.0345778
-0.0320832
-0.0115302
-0.0271652
87.8236
0.0666579
0.0666579
0.0666579
87.8236
-0.0666638
87.8236
87.8236
-0.0345778
87.8236
-0.0160367
0.0160271
87.8236
87.8236
0.0666579
87.8236
87.8236
-0.0172937
0.0333297
-0.00967357
-89.9975
0.0261511
-0.0261642
-0.0261642
89.9975
-0.0333312
0.00451853
-0.0320832
89.9992
0.0035169
0.0320444
87.8236
0.0160271
0.0346165
-0.0160367
89.9975
87.8236
87.8236
-0.015833
-0.0123247
0.00658136
87.8236
0.02222
87.8236
-0.00541936
-89.9987
-89.9975
-0.0123247
-89.9975
0.0106858
-0.00616089
-0.0320832
0.00717439
0.00503508
89.9975
87.8236
87.8236
-0.00416137
-0.0666638
87.8236
-0.014339
0.00717439
0.0109712
89.9995
-89.9975
-0.0166654
-0.0197475
-0.00788585
89.9994
0.0271769
-0.0666638
-0.0160367
0.0261511
-0.014339
-0.00987311
0.010843
-0.0345778
0.0095785
0.0271769
-0.0103633
-89.9975
-0.0108373
0.0158349
0.0320444
-0.0333312
89.9975
-0.014339
-89.9975
87.8236
0.00966825
0.00371368
-0.0013911
0.0261511
87.8236
-0.015833
0.00905766
0.00966825
0.0666579
-0.0666638
87.8236
-0.0345778
0.0197424
0.00728541
-0.014339
0.00139057
-0.0666638
0.00966825
87.8236
0.00742865
87.8236
0.0333297
87.8236
87.8236
-89.9975
-0.0666638
-89.9975
-89.9992
-89.9975
-0.0271652
-89.9996
0.00590401
89.9987
-0.0666638
0.00503508
-0.0222206
-0.0261642
-0.0202495
-0.0123247
0.0103602
-0.0666638
0.0133321
87.8236
0.00615797
89.9987
-89.9975
0.0320444
89.9975
87.8236
87.8236
89.9987
87.8236
-0.00301673
-0.0333312
0.0271769
0.0320444
89.9975
-0.00410693
0.0320444
87.8236
0.0157757
-89.9994
-0.00840312
-0.00451608
89.9992
0.0143521
0.0346165
-0.0172937
89.9975
0.00717439
0.0130772
89.9996
-89.9987
-0.0271652
0.0149907
87.8236
87.8236
0.0320444
0.0320444
-0.000978713
-0.0320832
-0.00742353
0.0160271
-0.0320832
0.0666579
0.016665
-0.00590818
0.0333297
0.0333297
-0.0271652
-0.0320832
87.8236
87.8236
-0.00416137
89.9975
-0.00207717
0.0346165
-0.0172937
-0.0172937
-89.9975
87.8236
0.00590401
87.8236
-0.0666638
0.0346165
0.0130772
-0.0056681
-89.9975
-0.0172937
-0.0160367
-89.9975
-89.9975
0.00759252
-0.0127226
-0.00451608
-0.0666638
-0.00967357
-0.0666638
0.0261511
0.013587
0.0103602
0.010843
89.9992
-0.0666638
-0.00551026
0.0157757
0.0261511
0.0143521
89.9995
-0.00305038
-0.0666638
-89.9975
-0.00590818
89.9975
87.8236
-0.0222206
0.0666579
-0.00221204
-0.0320832
0.0320444
89.9987
89.9994
0.0333297
-0.0129164
0.00966825
0.0346165
0.0115345
-0.00168761
-0.0666638
0.0261511
0.013587
-0.00788585
-89.9994
-0.0155371
0.0333297
-0.0345778
-0.0133323
0.0320444
0.0197424
-0.0666638
-0.0157704
-89.9987
0.0666579
-0.0222206
0.0333297
0.0202537
-0.0345778
0.0271769
-0.00451608
-0.0166654
0.0173034
-0.0222206
-0.0271652
0.0666579
0.0346165
-0.00305038
-0.0123247
-0.0197475
87.8236
87.8236
-0.014339
87.8236
-0.00717112
0.0666579
0.0666579
0.010843
-0.0271652
-89.9975
0.0320444
-0.0666638
0.00625544
-0.0261642
-0.00702351
0.0202537
89.9975
-0.00840312
-0.00207717
0.0346165
0.0666579
-0.0106901
-0.0149964
-0.00590818
0.0320444
-89.9975
0.00952293
0.00966825
-0.00332607
87.8236
-0.0320832
0.0115345
0.00478257
-0.00742353
-0.0320832
0.00742865
89.9987
-0.0160367
0.0160271
87.8236
89.9992
0.0173034
-0.0320832
87.8236
0.00776764
-0.0108373
-0.0666638
-0.015833
89.9987
0.0333297
87.8236
87.8236
-0.0103633
0.00801474
0.0666579
0.02222
-0.00616089
-0.0345778
89.9975
0.0666579
0.0333297
-0.0222206
0.0346165
-0.0333312
0.0271769
0.00865049
-0.0261642
-0.0197475
-0.0271652
-0.0666638
87.8236
87.8236
-0.0155371
0.00641198
-0.0666638
-0.0123247
0.0346165
89.9975
-0.0333312
0.00590401
87.8236
0.00491456
87.8236
-0.0222206
-0.0123247
-0.0123247
87.8236
0.0666579
0.0103602
0.0320444
0.0320444
87.8236
89.9975
89.9975
-0.00967357
-0.0155371
-0.0222206
0.0666579
0.0333297
87.8236
0.00759252
-0.0135841
0.0133321
-0.0160367
0.010843
-0.015833
89.9987
0.0197424
0.00759252
-0.00551026
-0.0333312
-0.0160367
0.00928159
-0.0666638
-0.0202495
87.8236
-0.00590818
89.9987
-89.9996
0.0346165
0.0143521
87.8236
0.00478257
-0.00305038
0.0320444
0.0666579
87.8236
0.0320444
87.8236
87.8236
0.0666579
-0.0271652
0.0160271
0.0143521
87.8236
0.0111101
0.010843
0.0113176
-0.0666638
-0.014339
-89.9975
-0.0155371
89.9987
87.8236
-0.00616089
0.0160271
0.00451853
0.0666579
-89.9975
0.0261511
0.0333297
89.9992
-0.0666638
0.02222
0.00966825
-0.00691865
89.9975
0.00890021
89.9992
0.02222
0.00168816
0.0133321
0.0173034
87.8236
-0.00938303
-0.0129164
0.0157757
-0.0127226
-89.9975
-0.0345778
-0.0333312
-0.0149964
0.00905766
87.8236
89.9975
0.00742865
-89.9975
-0.0666638
87.8236
0.0666579
87.8236
-89.9975
-0.014339
-0.0172937
-0.0345778
89.9975
-0.0320832
0.012313
89.9975
87.8236
0.00840616
-89.9975
89.9975
-0.0127226
87.8236
89.9975
-0.0345778
0.00550833
-0.00295357
0.00742865
87.8236
87.8236
87.8236
89.9975
-0.00817587
-89.9987
87.8236
-0.00375321
0.0261511
-0.0345778
0.0346165
-89.9975
87.8236
-0.0222206
-89.9975
0.00550833
-0.0666638
-89.9975
-0.0222206
-0.00871996
0.0346165
0.0158349
0.0130772
89.9987
0.0666579
0.0666579
-0.0333312
0.0666579
0.00590401
0.0115345
-0.0115302
-89.9975
-0.0116671
-0.0345778
0.0160271
0.00221287
-0.0103633
-0.00218125
-0.0320832
89.9975
0.0346165
-0.00590818
0.0160271
0.00966825
-0.0345778
0.0346165
0.00840616
-0.0135841
87.8236
87.8236
0.0666579
0.000713656
87.8236
-0.014339
-0.00691865
-0.00889953
87.8236
89.9975
-0.0333312
87.8236
0.0100276
-0.00168761
0.00415968
0.0158349
0.0346165
87.8236
-0.0172937
-0.0666638
0.0106858
-89.9975
87.8236
0.0666579
0.00742865
-0.0202495
-0.0666638
87.8236
87.8236
0.0261511
89.9987
-0.0333312
-0.0108781
-89.9992
-0.014339
-89.9975
0.0320444
87.8236
-0.0202495
87.8236
89.9987
0.0160271
89.9975
0.0143521
-0.00864807
87.8236
0.0271769
87.8236
87.8236
0.012313
87.8236
87.8236
0.0197424
0.0346165
-0.0133323
87.8236
-0.0113195
0.0666579
-0.0106901
0.0160271
-0.0129164
0.0143521
0.0320444
0.00246155
-0.00305038
0.0173034
87.8236
87.8236
0.00742865
89.9975
-0.00571256
-89.9975
0.0173034
89.9975
0.0346165
-0.0108373
-0.0666638
0.0346165
0.0106858
-0.0666638
-0.0108373
-0.0157704
0.00384436
-0.00742353
-0.015833
0.0320444
-0.0320832
0.0346165
0.0261511
-0.0222206
-0.00788316
-0.0345778
-0.0666638
87.8236
-0.000713861
-0.014339
0.0106858
89.9987
0.00742865
-0.0345778
0.00168816
0.00451853
89.9975
-0.0666638
0.00410563
0.0160271
-0.014339
-0.0155371
-0.00864807
0.0333297
87.8236
-0.00503309
-0.0261642
87.8236
-0.0135841
89.9975
0.0320444
0.0666579
-0.00295357
0.00503508
89.9987
0.0333297
0.0320444
0.0103602
0.0333297
-0.014339
-0.0320832
-0.0108373
87.8236
0.0666579
-89.9975
-89.9975
0.012313
-89.9975
-0.00332607
-0.0320832
0.010843
-0.00305038
87.8236
87.8236
-0.0222206
0.00759252
-0.00616089
0.0320444
0.00717439
-89.9987
-0.0160367
0.0197424
0.0666579
-89.9975
-0.0160367
-0.0123247
0.02222
0.0320444
0.0666579
0.0666579
0.0143521
-0.0345778
-0.0666638
-89.9987
87.8236
-0.00742353
-0.0261642
-0.0135841
0.00840616
0.0666579
-0.00332607
-0.0666638
0.010843
0.0133321
-0.0345778
87.8236
-0.00416137
-0.00742353
89.9975
87.8236
-89.9987
-0.0116671
0.0202537
-0.0197475
0.013587
-0.0160367
-0.0666638
0.0133321
-0.0666638
0.0333297
-0.0271652
87.8236
87.8236
-0.0320832
0.0346165
-89.9987
0.00590401
89.9975
0.0160271
-0.00742353
0.0149907
0.00865049
-89.9975
-0.0160367
87.8236
0.0320444
89.9975
87.8236
-0.0666638
-0.0197475
-0.0666638
0.00966825
87.8236
-0.00207717
0.0346165
-0.0157704
0.02222
0.0261511
89.9975
89.9975
87.8236
-0.014339
0.00742865
-0.0666638
87.8236
0.00966825
0.00717439
87.8236
0.00613408
-0.014339
87.8236
87.8236
-89.9975
0.0155347
0.0346165
-0.0320832
-0.0345778
-89.9975
-89.9975
-0.0222206
0.0155347
-0.0109683
-89.9975
0.00966825
0.0320444
-0.0157704
87.8236
-0.00416137
0.0197424
0.0113176
89.9992
-0.00967357
0.0666579
-0.0666638
-0.00207717
0.0149907
-0.00451608
0.0143521
-89.9996
-0.00987311
0.00966825
89.9987
0.0666579
0.00332423
-0.0202495
-0.0106901
0.0197424
89.9987
-0.00590818
-0.0123247
87.8236
0.0130772
-0.0666638
89.9995
-0.0666638
-0.0160367
0.0333297
-89.9975
0.012313
87.8236
87.8236
-0.0345778
87.8236
-0.00641353
0.012313
-0.00451608
89.9975
-89.9987
89.9975
-0.0166654
-0.0320832
-0.00503309
87.8236
87.8236
0.0261511
-0.0037124
0.013587
-0.00619547
-0.0261642
87.8236
87.8236
0.012313
-0.0320832
0.00332423
87.8236
89.9975
0.00590401
87.8236
0.0346165
0.000534821
89.9975
0.00550833
87.8236
-0.0320832
0.0143521
0.0320444
-0.0133323
0.00503508
-0.00619547
-0.0157704
0.0333297
87.8236
-0.0108781
0.0197424
-0.0133323
0.0666579
0.00740673
87.8236
-0.00870911
0.00332423
0.00890021
0.00742865
-89.9987
-0.00958059
0.0108786
89.9987
87.8236
89.9975
87.8236
89.9987
0.0666579
-0.0157704
0.0160271
87.8236
-0.0160367
0.00332423
-0.0160367
0.0666579
0.0666579
-0.0202495
-89.9975
-0.0172937
87.8236
-0.0333312
-0.0222206
-0.0172937
87.8236
0.0333297
-0.0123247
87.8236
89.9992
-0.0123247
0.0143521
-0.00416137
87.8236
-0.0135841
0.0197424
-0.0133323
89.9975
-0.0149964
-0.0202495
-0.0666638
0.0271769
-0.0666638
0.010843
87.8236
-0.00332607
-0.0261642
-0.0320832
0.0320444
-89.9975
-0.0666638
-0.014339
89.9975
-0.0666638
0.012313
-0.00590818
0.010843
87.8236
89.9987
0.0320444
89.9975
-0.0271652
0.0143521
87.8236
-0.00871996
-0.0320832
0.00207623
87.8236
-89.9975
-89.9975
0.0271769
-0.0123247
-0.0149964
-0.00987311
89.9992
0.00410563
-0.0123247
-0.00625335
87.8236
-0.00616089
-0.0018365
87.8236
0.00332423
-0.0261642
0.0202537
89.9975
0.0333297
-0.0345778
-0.0333312
0.0320444
-0.0157704
-89.9975
-0.0123247
-0.0271652
89.9987
87.8236
-0.00590818
-0.0666638
0.0115345
-0.0333312
0.00314178
0.00590401
-0.00742353
87.8236
0.012313
87.8236
89.9975
87.8236
-0.0202495
0.0320444
89.9987
0.0666579
-0.0666638
0.0261511
87.8236
0.0133321
87.8236
-0.0666638
-89.9975
87.8236
-0.0333312
87.8236
-0.0123247
87.8236
-0.00816564
-89.9995
0.0160271
89.9992
89.9994
-0.0172937
0.00987183
0.00720082
0.0106858
87.8236
0.0666579
-0.0261642
-0.0333312
0.0666579
87.8236
-0.0135841
-0.00776826
-89.9975
89.9987
89.9987
89.9975
-89.9975
-89.9975
-0.0666638
89.9975
0.0320444
0.00966825
-89.9975
0.00483479
0.0160271
-0.0261642
-0.0666638
-0.0345778
87.8236
0.0130772
0.00759252
-0.00958059
0.0320444
0.0666579
0.0320444
-89.9992
-0.0222206
-0.0202495
-0.0320832
-89.9975
0.00207623
-0.0345778
89.9987
-0.0666638
-0.0130805
-0.0320832
-0.0130805
-0.0172937
-0.00967357
-89.9975
89.9975
-0.0320832
0.0202537
-0.00938303
-0.00207717
0.0197424
0.00168816
0.00305174
87.8236
87.8236
0.00590401
0.0666579
-0.0345778
-0.0333312
-0.00416137
-0.0135841
-0.0320832
-0.0320832
0.012313
-0.0333312
0.0261511
89.9975
87.8236
-0.0166654
-0.00207717
0.00966825
87.8236
87.8236
-0.0130805
-0.0666638
87.8236
-0.0222206
87.8236
0.0155347
0.0261511
-0.0123247
0.0127213
-89.9987
-0.00837563
-0.0666638
89.9992
87.8236
-0.0345778
89.9975
0.0320444
0.0666579
89.9975
-0.0345778
87.8236
0.00590401
87.8236
89.9987
-0.00332607
-0.0666638
0.00458015
-0.0160367
87.8236
-89.9975
0.0666579
0.00590401
89.9975
-0.0222206
0.0202537
0.0666579
-0.00616089
0.00521421
0.0202537
89.9975
-89.9987
-0.0160367
87.8236
87.8236
0.0346165
89.9975
87.8236
-0.0197475
0.0157757
0.0346165
-0.0666638
0.0173034
0.00966825
-0.0271652
-0.0666638
87.8236
0.0103602
0.0320444
-0.0666638
89.9975
-0.0320832
-0.0320832
-0.0271652
89.9994
0.0666579
0.0333297
0.0143521
0.010843
0.0271769
0.0271769
89.9975
-0.0202495
0.00801474
89.9992
87.8236
-0.00613394
87.8236
-0.00717112
-89.9975
0.0143521
87.8236
-89.9975
-89.9975
0.0346165
0.0333297
-0.0666638
0.0333297
-0.0130805
0.00717439
-0.0149964
0.0115345
0.0158349
0.00801474
-0.00987311
87.8236
0.0666579
87.8236
89.9987
0.0160271
-0.00742353
-0.0320832
-0.0333312
-0.0320832
-0.0103633
87.8236
0.0666579
89.9975
0.0271769
89.9975
-0.0160367
0.0202537
0.0666579
-89.9987
87.8236
-0.0320832
-0.0320832
89.9975
0.0666579
87.8236
0.0158349
-0.0160367
0.0666579
0.0261511
-89.9992
0.0666579
-0.0320832
-0.0116671
-0.0222206
0.00478257
0.0333297
-89.9992
0.0346165
-0.0261642
-0.0160367
-0.0127226
87.8236
87.8236
0.00905766
-0.0123247
-89.9975
87.8236
89.9995
-0.0197475
0.02222
87.8236
87.8236
-0.0106901
87.8236
-0.0271652
-0.00928213
-0.00840312
87.8236
87.8236
0.00221287
-89.9975
0.0143521
-0.0345778
89.9996
0.0160271
-0.0345778
0.00742865
-0.0666638
-0.0130805
87.8236
-0.0320832
89.9987
89.9975
0.0666579
87.8236
0.00590401
-0.00742353
89.9975
0.0197424
-0.00788316
0.0143521
87.8236
0.0320444
-0.00759543
-0.0202495
-0.0222206
87.8236
-0.00332607
-89.9994
87.8236
89.9975
0.0143521
-0.0123247
-0.0222206
-0.0271652
89.9996
-0.0333312
87.8236
87.8236
0.0346165
-0.0345778
-89.9987
-0.0345778
0.0116688
-0.00301673
0.0158349
0.00966825
0.0666579
87.8236
0.0155347
0.0666579
87.8236
-0.0149964
0.0101263
87.8236
-0.0345778
-89.9975
89.9994
-0.00590818
0.00681338
87.8236
0.0666579
-0.00305038
0.0127213
-89.9987
87.8236
0.0143521
0.0333297
-0.0197475
-0.0166654
-89.9994
87.8236
87.8236
-0.0149964
89.9992
87.8236
-0.0106901
87.8236
-0.00590818
-0.0123247
0.0155347
-89.9975
-0.0271652
87.8236
-0.0345778
87.8236
-0.0111102
-0.00967357
-0.0127226
87.8236
87.8236
0.0346165
-0.0320832
0.016665
-0.0197475
-0.0157704
-0.0666638
87.8236
0.0666579
0.0113176
-0.0123247
0.0320444
-0.00987311
89.9975
-89.9975
0.0261511
0.0197424
-0.0666638
-0.0666638
-0.0261642
-0.0261642
-0.00590818
89.9975
89.9975
-0.0320832
87.8236
0.0197424
87.8236
0.0202537
87.8236
0.0197424
-0.00590818
89.9992
-0.0127226
0.00742865
-0.00742353
89.9975
-89.9975
0.00332423
-89.9975
87.8236
-0.0271652
-0.00451608
-0.00742353
0.0666579
0.0143521
0.00742865
-0.0320832
0.0666579
-0.00590818
-89.9987
-0.0333312
0.00305174
0.0271769
-0.0261642
-0.0133323
0.0666579
-0.00720157
-0.0172937
-0.00491365
-0.0345778
0.00322334
-0.0345778
-89.9975
0.0666579
0.02222
87.8236
0.02222
-89.9975
0.0261511
-89.9975
-0.0103633
87.8236
0.02222
0.0261511
0.0073474
-0.0123247
0.0149907
-0.0202495
-89.9975
87.8236
-0.0666638
-0.0666638
-0.0333312
87.8236
-0.0345778
-0.0172937
87.8236
0.0271769
-0.00967357
-89.9994
-0.0271652
89.9975
-0.0666638
87.8236
-0.00801716
0.0346165
-0.0345778
-0.0666638
0.0173034
0.0320444
-0.0333312
0.0346165
0.0333297
0.02222
-0.0160367
-89.9995
0.0320444
0.0015257
0.0271769
0.0158349
0.0130772
0.00451853
-0.0345778
0.0346165
0.00451853
87.8236
87.8236
0.0666579
-0.00717112
-0.0108373
-0.0666638
-0.0108373
-0.0172937
0.0197424
0.0320444
89.9992
-0.00332607
87.8236
87.8236
0.0109712
-0.0333312
0.010843
0.0666579
-0.00590818
0.00742865
-89.9975
0.0666579
-0.00817587
-0.0333312
89.9975
-89.9975
0.02222
-89.9975
-0.0155371
-0.00416137
-0.0666638
-0.0116671
-0.014339
89.9975
0.00590401
89.9975
0.0346165
0.0666579
0.0158349
0.0346165
-0.00416137
89.9975
-0.0666638
-0.0345778
-0.0666638
-0.0115302
-0.0123247
89.9975
87.8236
0.0173034
0.0271769
-0.0172937
-0.0666638
-0.0320832
0.0346165
-0.0149964
89.9975
-89.9995
-89.9975
-0.014339
-0.00301673
87.8236
89.9987
89.9975
89.9975
0.0346165
87.8236
-89.9975
-0.0345778
-0.0202495
-89.9996
0.0320444
0.0320444
89.9975
87.8236
87.8236
0.0333297
0.00840616
-0.0320832
-0.0320832
89.9987
-0.0157704
87.8236
89.9995
89.9987
-0.0222206
0.0173034
-0.00305038
-0.0666638
-0.0333312
-0.00788316
-89.9996
-0.0160367
-0.0261642
89.9997
-0.0135841
-0.0261642
-0.00531135
-89.9975
-89.9975
-0.0333312
0.0333297
-0.0333312
89.9987
87.8236
-89.9994
-89.9987
-0.0129164
0.0666579
-0.0320832
-0.00207717
-0.0666638
-0.0345778
-0.014339
0.0333297
-0.0320832
-0.0320832
-89.9992
-0.014339
0.02222
89.9996
0.0197424
0.0320444
87.8236
-0.0345778
-0.00451608
-0.0149964
87.8236
-0.0115302
0.0261511
-0.014339
0.00221287
-89.9975
0.00837744
-0.0320832
-0.0320832
-0.00551026
0.00788718
89.9987
0.013587
0.0271769
-0.0222206
-89.9975
87.8236
-89.9975
0.0346165
-89.9975
0.0113176
-0.0320832
0.0320444
0.0346165
-0.0666638
89.9975
89.9975
-0.0333312
-0.0666638
87.8236
-0.0172937
0.00410563
0.0271769
-0.0123247
-0.0320832
0.0111101
0.0261511
-0.0666638
87.8236
-89.9992
-89.9992
0.00619366
-0.0345778
0.0320444
-0.0320832
-0.00742353
0.0346165
87.8236
-0.0107418
89.9975
-0.0130805
0.0143521
87.8236
87.8236
-0.0157704
-0.00332607
87.8236
-0.00225835
0.0346165
-0.0666638
89.9975
-0.0197475
0.0109712
-0.0197475
89.9975
0.00788129
-0.0345778
0.0666579
0.0271769
-0.0109683
87.8236
0.00415968
0.0100276
0.0113176
-0.0123247
0.0346165
-0.00616089
0.0333297
89.9975
-0.00332607
0.0333297
-0.0666638
87.8236
0.0666579
0.0346165
-0.00801716
-0.0666638
0.0346165
87.8236
89.9995
-0.0130805
-0.00801716
0.0143521
87.8236
-0.0135841
-0.00681151
-89.9975
0.00451853
87.8236
0.0115345
-89.9975
0.0666579
-89.9975
-89.9975
-0.0123247
-0.00791477
-0.00332607
-0.0666638
0.0149907
-0.00801716
-0.00967357
89.9975
-0.00702351
0.0333297
0.0173034
87.8236
0.0320444
-0.0123247
-0.00864807
-0.00225835
87.8236
0.0320444
-0.0271652
-89.9975
87.8236
87.8236
-0.0666638
-0.0222206
87.8236
0.0666579
-0.00551026
87.8236
0.0320444
-0.00717112
87.8236
-0.0106901
-0.0320832
-89.9992
0.0333297
0.0109712
-0.0271652
89.9987
89.9975
-0.0666638
-0.0135841
89.9975
0.0115345
-89.9992
-89.9975
-0.0666638
-0.0345778
-0.0345778
87.8236
89.9992
-0.0345778
-0.0666638
0.0115345
-0.0127226
87.8236
0.0202537
87.8236
87.8236
0.00503508
-0.00717112
-0.0123247
-0.0261642
87.8236
-0.0320832
-89.9975
-0.0345778
0.0106858
-89.9975
89.9975
87.8236
87.8236
0.00681338
0.00720082
0.0333297
-0.0222206
89.9975
0.0666579
0.0346165
-0.0013911
-0.0202495
-0.0157704
0.0320444
0.00371368
-0.0157704
-0.00759543
0.0271769
89.9987
-0.0271652
-0.014339
-0.0202495
0.0143521
0.0666579
0.0129173
0.0108786
0.0666579
0.0666579
-0.0345778
-0.0108373
-0.00301673
-0.0160367
87.8236
-89.9987
0.0320444
87.8236
-0.0333312
-89.9987
-0.0103633
-0.0666638
0.00717439
-0.0666638
-0.0666638
89.9975
87.8236
-0.0333312
89.9992
0.0111101
0.0666579
0.0346165
-0.00958059
-0.0320832
0.013587
87.8236
0.0173034
-0.0333312
0.00681338
-0.0345778
-0.0666638
0.0173034
-0.00759543
0.00207623
-0.0666638
0.0261511
-0.0666638
0.0160271
87.8236
0.00840616
0.0666579
-0.0172937
-89.9975
0.0666579
-0.0157704
0.0127213
-0.0172937
0.00332423
87.8236
-0.0135841
89.9975
-0.00641353
87.8236
89.9975
-0.00840312
0.0173034
87.8236
-0.00717112
-0.0160367
0.0261511
0.0113176
-0.0135841
-0.0155371
-0.00801716
-0.0666638
-0.0666638
0.0116688
0.0157757
0.0115345
-0.0261642
-0.0261642
-0.0271652
0.00305174
-0.00207717
89.9975
-0.0130805
0.0320444
87.8236
0.00681338
0.0271769
89.9987
-0.00590818
0.00371368
0.00833257
-0.0129164
-0.0666638
-0.0345778
-0.0320832
0.00742865
0.0666579
0.0346165
0.012313
-0.0666638
-0.0166654
-0.0115302
-89.9992
-0.0345778
-0.0271652
0.016665
0.00966825
-0.0345778
0.0271769
89.9987
-0.00451608
89.9995
0.0666579
0.0666579
0.0130772
-0.0345778
-89.9975
0.0320444
-0.014339
-0.0666638
87.8236
-0.0202495
87.8236
-0.0271652
-89.9975
87.8236
0.02222
-0.0666638
87.8236
-0.0123247
87.8236
89.9975
0.0202537
0.00139057
-0.0115302
87.8236
-0.0113195
-89.9975
87.8236
87.8236
-0.00305038
0.0346165
-0.0320832
0.0666579
0.0115345
-0.0666638
-89.9975
-0.0271652
89.9975
-89.9992
-0.0109683
-89.9987
87.8236
0.00218058
-89.9987
-89.9975
-0.015833
87.8236
-0.00742353
-0.0666638
-89.9987
-0.0666638
-0.0333312
-0.0320832
0.02222
-0.00451608
0.02222
-0.0345778
-89.9975
87.8236
-0.00742353
0.0333297
0.0346165
89.9975
89.9992
87.8236
87.8236
0.00295252
87.8236
0.0320444
-0.00449729
-0.00275489
-0.0345778
-0.0345778
0.0333297
-0.0222206
87.8236
-0.0197475
0.012313
89.9975
-0.00305038
89.9975
0.016665
-89.9975
87.8236
87.8236
-89.9975
-0.0197475
0.0333297
-0.0261642
-89.9975
0.00451853
-0.0271652
0.0320444
0.0197424
87.8236
-0.0261642
-89.9992
89.9975
0.00987183
-0.0333312
0.0346165
87.8236
0.0666579
-0.0172937
0.0333297
-0.0666638
0.0173034
0.012313
87.8236
-0.0123247
-0.0172937
87.8236
0.00550833
0.0095785
87.8236
-0.0345778
0.0261511
-89.9987
-89.9987
0.0109712
0.00534343
0.0346165
-0.0135841
0.0666579
-89.9975
-0.015833
89.9987
-89.9994
0.00720082
87.8236
89.9975
0.0160271
-89.9987
-0.0123247
-0.0333312
-0.0333312
87.8236
-0.0666638
-89.9975
0.00590401
87.8236
-0.0345778
-89.9987
-0.0155371
-0.0261642
0.0346165
0.0346165
0.0130772
0.0320444
-0.0666638
-89.9975
-0.0135841
-0.0172937
0.0143521
0.0320444
0.0666579
-89.9975
0.0115345
87.8236
-0.0666638
89.9992
-0.0202495
-0.00616089
89.9975
0.0666579
-0.0320832
87.8236
-0.00625335
87.8236
89.9975
-0.0116671
87.8236
-89.9975
87.8236
-89.9975
89.9975
-0.0127226
0.0155347
0.0666579
-89.9975
0.012313
-0.0320832
87.8236
-0.0261642
-0.00801716
-89.9987
89.9975
-0.0333312
-0.00616089
0.00451853
0.0333297
-0.0345778
0.0143521
0.0320444
-0.0271652
0.0666579
-0.0222206
87.8236
-0.00451608
-0.0129164
0.0130772
-89.9987
89.9975
0.0103602
0.00590401
0.0100276
-89.9975
0.0143521
-0.0155371
87.8236
0.0346165
-0.0666638
-0.014339
89.9992
89.9987
-89.9987
87.8236
0.0271769
-89.9992
-0.0666638
0.010843
0.0666579
0.0261511
0.00742865
-0.0172937
89.9987
-0.0127226
0.00590401
89.9992
87.8236
-0.0160367
-0.0123247
87.8236
87.8236
89.9975
-89.9992
0.00742865
-0.00207717
0.0111101
0.00865049
-0.014339
0.012313
-0.0135841
-0.0333312
-0.00358597
-0.00702351
87.8236
0.0666579
-0.0166654
0.0333297
87.8236
0.0320444
87.8236
-0.00295357
0.0158349
-0.014339
-0.0113195
-0.0160367
-0.0149964
0.0160271
-0.0345778
0.00801474
89.9994
-0.0666638
-89.9975
87.8236
87.8236
-0.0106901
89.9975
0.0333297
-0.0320832
-0.0345778
87.8236
0.0271769
-0.0320832
-0.00749748
89.9975
0.010843
-0.0345778
-0.0123247
0.00742865
-0.00168761
-0.0666638
-0.0222206
0.0106858
0.0333297
89.9987
0.0202537
-0.0103633
-89.9975
89.9994
0.0666579
87.8236
0.0173034
-0.0666638
0.012313
-0.0320832
89.9992
-0.0202495
0.00966825
-89.9995
-0.00332607
0.0157757
-0.00742353
0.00221287
-0.0166654
0.0101263
0.0202537
87.8236
89.9987
0.0157757
0.00615797
-0.0345778
0.02222
-0.0123247
0.012313
-0.0320832
87.8236
0.0130772
0.00590401
-89.9975
-89.9975
0.0133321
-0.0172937
87.8236
-0.0333312
89.9975
0.00332423
-0.0107418
0.0115345
89.9975
-0.00221204
-0.0666638
0.00305174
0.0261511
0.00410563
87.8236
-0.0155371
0.0271769
-89.9992
-0.0666638
89.9975
-0.0166654
0.0197424
-89.9975
-0.0666638
-0.00776826
0.010741
-89.9975
-0.0666638
-89.9987
-0.0172937
0.0173034
-0.0666638
0.00987183
0.02222
0.010741
87.8236
-0.0222206
0.00218058
89.9996
0.00478257
0.0666579
-0.0666638
89.9975
0.0271769
0.0127213
0.0115345
89.9975
-0.00967357
0.00966825
89.9994
-0.00837563
-0.0108373
87.8236
-0.0172937
89.9987
-0.0320832
-0.014339
-0.0197475
-0.00221204
87.8236
-0.0345778
0.0143521
0.02222
87.8236
-0.00590818
-0.0149964
87.8236
-0.0197475
-0.00938303
0.00451853
87.8236
0.0320444
-89.9975
87.8236
87.8236
0.0666579
-0.0271652
0.0143521
-0.0113195
-0.0345778
-0.00305038
-0.0666638
87.8236
0.00314178
-0.0013911
-0.0666638
0.0333297
0.0073474
0.0666579
-0.0172937
89.9975
87.8236
-0.0123247
89.9975
-89.9975
0.016665
87.8236
0.0333297
0.0320444
0.0158349
-89.9994
0.0666579
-0.0666638
0.0666579
0.02222
87.8236
-0.0202495
89.9975
0.00749606
-89.9975
-0.00967357
-0.014339
0.00717439
-0.0271652
-0.0166654
-0.00619547
0.0115345
0.0160271
0.0149907
-0.0222206
89.9995
0.0261511
87.8236
0.02222
0.0320444
-0.0123247
0.00221287
0.0143521
0.013587
0.0173034
-0.0666638
87.8236
-0.0666638
0.0666579
-89.9987
-0.0345778
0.00371368
-0.0149964
-0.0333312
89.9975
0.010843
-0.0037124
0.013587
-0.0666638
0.013587
0.012313
-0.014339
0.0160271
0.00625544
87.8236
87.8236
0.00332423
-0.0666638
0.0155347
-0.0666638
0.0346165
87.8236
89.9975
0.0143521
89.9987
-89.9995
-89.9975
-0.0222206
87.8236
0.00503508
-89.9994
89.9975
0.013587
-89.9992
89.9975
-0.00742353
-0.0166654
0.0666579
-0.00590818
87.8236
-0.0271652
0.00840616
0.0320444
-0.0320832
0.0261511
89.9975
0.0271769
-0.0333312
87.8236
87.8236
-0.00840312
0.0346165
-0.014339
0.0130772
-89.9975
-0.0345778
0.0133321
-0.0320832
-0.0271652
0.0100276
0.00451853
0.0666579
0.0333297
-89.9975
0.0130772
-0.014339
-0.0345778
0.0346165
89.9992
87.8236
0.0202537
89.9975
-0.00503309
89.9975
-0.0666638
-0.00833266
0.00314178
-0.0271652
0.0160271
-0.0202495
-89.9975
0.0346165
-89.9975
0.0346165
87.8236
87.8236
0.0158349
-0.0053445
87.8236
-0.0123247
-89.9975
87.8236
0.0261511
-0.0135841
0.0333297
87.8236
87.8236
-89.9975
-0.0320832
0.0143521
0.016665
89.9987
0.0149907
-0.00759543
87.8236
0.0666579
0.00816525
0.0320444
0.00590401
87.8236
87.8236
-0.0333312
0.016665
87.8236
-0.0320832
0.0666579
0.016665
89.9975
-89.9975
-0.00905636
0.0666579
-0.00590818
0.0133321
-0.014339
-0.0160367
89.9995
-0.0320832
-0.014339
-0.0333312
-0.0666638
-0.0333312
-0.0123247
-0.00590818
0.0320444
-0.015833
0.00332423
0.0333297
-0.0123247
-0.0116671
-0.00503309
89.9975
-89.9987
0.0271769
0.0666579
0.0173034
0.0116688
-0.0123247
-0.0320832
-0.0129164
0.0271769
0.0666579
87.8236
87.8236
-0.00864807
-0.0149964
0.0320444
0.016665
0.0261511
-89.9975
-0.0135841
-0.00551026
0.0320444
0.00332423
0.0197424
0.0143521
-89.9992
89.9975
-0.0222206
-0.0197475
-0.00625335
-0.0149964
-0.015833
0.00615797
0.010843
0.0155347
0.0666579
0.0111101
87.8236
-0.00305038
87.8236
-0.0333312
-0.00717112
0.00451853
87.8236
-0.0108373
0.0333297
89.9975
-0.0123247
87.8236
0.00817676
89.9975
0.0261511
-89.9975
87.8236
-0.0172937
-0.00742353
-0.0222206
-89.9975
87.8236
-0.0155371
-0.00207717
0.0157757
-0.0067503
0.02222
-0.0222206
-0.0345778
87.8236
-0.0130805
89.9987
87.8236
-0.0261642
87.8236
0.00410563
-0.0666638
-89.9987
0.00534343
0.0116688
89.9975
-0.00733427
-89.9994
87.8236
-89.9975
-89.9975
0.00371368
-0.00590818
87.8236
-0.00295357
87.8236
-0.0222206
87.8236
0.0271769
87.8236
0.00332423
89.9975
-0.0345778
-0.0013911
-89.9987
-0.0271652
0.0143521
-0.00742353
0.00905766
-0.00590818
87.8236
-0.0345778
0.0666579
87.8236
-0.00168761
-89.9987
87.8236
0.012313
0.0320444
0.00740973
-0.0123247
89.9975
89.9992
87.8236
-0.014339
-0.00987311
0.0346165
87.8236
-89.9994
87.8236
-0.0197475
0.00109112
-0.0222206
89.9975
-0.00967357
-89.9975
87.8236
0.0202537
-0.0666638
0.0127213
87.8236
0.0346165
-0.00742353
-0.0111102
-0.00788585
0.00619366
0.0346165
-0.00870911
-0.0320832
-89.9987
0.0346165
0.0261511
87.8236
89.9975
0.0155347
0.0666579
-0.0130805
0.00717439
0.00207623
89.9987
-0.014339
-0.0037124
-0.00717112
-0.00833266
-0.0129164
0.012313
89.9975
0.00702243
0.0346165
-0.014339
87.8236
0.0666579
0.010843
0.0333297
-0.0108373
87.8236
0.0116688
0.0143521
87.8236
-0.0160367
-0.0261642
-0.0666638
87.8236
87.8236
87.8236
0.0082435
-89.9975
-0.00691865
0.0261511
-0.0123247
0.0261511
-89.9975
-89.9975
0.0271769
0.0333297
87.8236
-0.00590818
-0.0666638
0.0346165
87.8236
0.0333297
87.8236
-0.0261642
0.0666579
87.8236
-0.0271652
0.0271769
87.8236
89.9975
-0.00717112
0.0320444
-89.9987
-89.9995
-0.0345778
-0.0345778
0.0115345
-0.0108373
-89.9987
-0.0261642
-0.00295357
-89.9975
-89.9975
-0.0108373
-0.0345778
-0.0345778
-0.0123247
89.9975
0.0346165
87.8236
-0.0320832
0.0143521
-89.9975
-0.0202495
89.9975
87.8236
-89.9992
0.0346165
89.9975
-0.014339
0.0143521
0.00905766
-0.0149964
0.0346165
-89.9975
-89.9975
0.02222
0.0271769
-89.9996
0.0261511
0.0346165
-0.014339
-0.014339
89.9975
0.00742865
89.9975
-0.00590818
-0.0115302
-89.9975
87.8236
87.8236
-0.0123247
0.0143521
-0.0160367
0.0143521
-0.00720157
0.0143521
-89.9975
-0.0320832
0.0666579
89.9987
0.0320444
89.9992
-0.00742353
87.8236
-0.0127226
89.9992
0.012313
-0.0116671
0.0155347
87.8236
87.8236
-0.00503309
0.0346165
0.00474426
87.8236
0.0320444
-0.00207717
-0.0320832
87.8236
0.02222
-89.9975
0.0346165
0.00451853
-0.0333312
0.00791373
87.8236
87.8236
87.8236
-0.0261642
-0.0320832
0.0333297
0.010843
89.9975
0.0666579
0.0320444
0.00451853
87.8236
0.0320444
0.00966825
-0.00759543
0.0130772
-89.9992
-0.0108373
-0.0261642
87.8236
-0.0135841
0.00742865
-89.9975
87.8236
-0.0271652
-89.9992
0.0346165
0.00791373
-0.00616089
87.8236
0.0320444
-0.0666638
-0.0013911
-89.9975
0.0143521
-0.0320832
-89.9994
-0.00410693
0.0133321
0.0320444
87.8236
0.0143521
-0.0271652
89.9987
89.9975
89.9975
89.9975
0.0197424
89.9975
-89.9987
0.0101263
-0.0103633
0.0666579
-89.9975
0.0320444
-0.0271652
0.00451853
0.00410563
87.8236
-0.0666638
-0.0202495
0.012313
-0.0345778
0.0158349
0.0666579
-0.0108373
-0.00824329
-0.0155371
0.0202537
-89.9987
-0.0333312
89.9994
89.9987
87.8236
-0.0333312
-0.0123247
87.8236
-0.00590818
-0.0261642
89.9975
0.00590401
-0.0123247
89.9975
0.0115345
-0.0666638
87.8236
0.00550833
89.9975
87.8236
87.8236
-0.0666638
-0.0037124
-0.014339
-0.00301673
-0.0127226
-0.0106901
87.8236
87.8236
-89.9987
-0.0261642
0.0666579
0.0320444
0.0333297
89.9975
0.010843
0.0346165
89.9975
0.00619366
0.00451853
-0.0155371
-0.014339
89.9992
0.0666579
87.8236
87.8236
0.0197424
89.9975
0.0666579
-0.0320832
-89.9975
-89.9975
-0.0345778
-0.0320832
0.0127213
-0.0320832
0.0115345
-0.0103633
87.8236
0.00742865
0.00966825
-0.0172937
0.00415968
-0.0333312
-89.9975
-89.9975
-0.0333312
0.0173034
0.02222
87.8236
-0.0160367
87.8236
0.00742865
-89.9987
-89.9975
0.0261511
-0.0172937
-0.0155371
-0.0345778
-89.9975
0.0320444
-89.9987
-89.9975
0.0333297
-0.0222206
-0.0666638
-0.0172937
-89.9975
87.8236
0.00207623
0.0158349
-0.0261642
-0.0202495
-0.0666638
0.0157757
89.9975
-0.000978713
-89.9987
-0.0013911
-0.0109683
0.012313
0.0346165
87.8236
89.9975
0.0346165
87.8236
-0.00928213
0.0666579
87.8236
0.0202537
0.0129173
-0.00967357
0.0271769
0.0261511
-0.0320832
-0.0123247
0.0666579
89.9992
0.012313
-89.9975
89.9975
-89.9975
0.0666579
0.0320444
87.8236
87.8236
0.00717439
0.00307935
87.8236
0.0333297
-0.0333312
-0.0157704
-89.9975
-0.00742353
0.00717439
-0.0172937
-0.0108373
-0.0123247
-0.0157704
-89.9975
0.0149907
-0.0320832
0.012313
89.9975
-0.0345778
0.010843
-89.9975
0.010843
-0.0345778
-0.0320832
-0.0106901
-0.0123247
-0.0155371
87.8236
-89.9987
0.012313
-0.0106901
-0.0149964
0.00410563
0.0038289
-0.0271652
0.00447828
-0.0345778
89.9975
0.0113176
-0.0271652
87.8236
0.0346165
-0.00221204
0.0261511
-0.00691865
0.0346165
-0.0123247
-0.00437449
-0.0172937
0.0108786
-0.00451608
-0.00616089
0.0202537
89.9975
0.0666579
-0.0345778
0.00207623
-0.00361306
-0.0345778
-0.0271652
-0.0320832
0.0197424
-0.00451608
0.0666579
87.8236
87.8236
-0.0222206
0.0149907
-0.0149964
0.0271769
-0.00314268
-89.9975
-0.0172937
0.0666579
0.02222
87.8236
-0.0101253
-89.9987
-0.00332607
0.00542078
0.0160271
-0.00541936
0.0666579
87.8236
0.00702243
0.0160271
-0.0155371
87.8236
-89.9992
0.00415968
0.00865049
-0.00967357
87.8236
-0.014339
0.0106858
87.8236
-0.0271652
-0.0666638
89.9987
89.9975
-0.0197475
0.012313
0.00641198
89.9975
89.9987
-0.0155371
-89.9987
0.0333297
0.0157757
-0.0666638
-89.9992
-0.0320832
-89.9975
0.0127213
-0.0166654
-0.0101253
-0.0666638
-89.9994
-0.0666638
-0.0320832
-0.0345778
0.0127213
-89.9987
-0.0127226
-0.0123247
0.0271769
87.8236
-0.0345778
-0.0130805
87.8236
0.00890021
0.0271769
87.8236
-0.0130805
0.0666579
-0.0157704
-0.0666638
0.0158349
87.8236
-0.0108373
87.8236
-0.0155371
0.0127213
0.0666579
-0.0197475
89.9975
0.0143521
0.0333297
0.0173034
87.8236
-0.0135841
-0.0123247
0.0666579
0.0666579
0.0261511
0.00717439
0.00742865
-0.0345778
89.9975
-0.015833
0.0320444
-89.9975
0.00332423
0.0160271
87.8236
0.00742865
87.8236
0.0666579
87.8236
89.9996
0.00702243
87.8236
-0.0157704
0.0666579
-89.9987
87.8236
87.8236
-0.0123247
87.8236
-0.0261642
-0.0197475
-0.014339
-0.0115302
0.0666579
0.00742865
89.9987
89.9975
87.8236
-89.9975
-89.9994
-0.0271652
-0.00958059
-0.00375321
-0.0160367
-0.0666638
-89.9975
-0.00791477
0.0129173
87.8236
0.016665
0.016665
0.0157757
-0.0333312
-0.00616089
-0.00791477
-0.0666638
-89.9975
0.0261511
-0.0261642
-0.0101253
0.00742865
-0.0157704
0.0333297
87.8236
-0.0129164
0.0149907
0.0346165
-0.0333312
-0.0666638
0.0346165
87.8236
87.8236
-0.0666638
0.0173034
-0.0149964
-0.0166654
0.0320444
0.0346165
89.9975
-0.0113195
-0.0666638
-0.0320832
0.0127213
-0.00788316
0.0666579
87.8236
-0.00503309
0.00590401
-0.0202495
-0.00717112
-0.00503309
0.0143521
0.0346165
-0.0197475
-0.0320832
-0.0345778
-0.00590818
0.0666579
0.012313
87.8236
87.8236
87.8236
87.8236
-0.0116671
89.9987
-0.00478111
-0.0345778
87.8236
-0.0271652
87.8236
0.00615797
0.0320444
0.00625544
0.00503508
-0.0333312
87.8236
-0.0666638
-0.0345778
0.0333297
89.9975
-0.0345778
87.8236
-0.0666638
0.00742865
0.0346165
87.8236
-0.0666638
-0.0222206
87.8236
-0.0160367
0.012313
-0.0172937
0.0160271
89.9987
0.00590401
-0.014339
0.0271769
-0.0101253
-89.9992
-0.0222206
87.8236
89.9987
0.0320444
0.00625544
87.8236
-0.0130805
87.8236
-0.0345778
-0.014339
89.9975
-0.0666638
87.8236
-0.0666638
-0.0160367
-0.0130805
0.0127213
87.8236
-0.0172937
87.8236
0.00938335
-0.0320832
-0.0261642
-89.9987
87.8236
-0.0345778
-89.9975
0.0261511
0.0666579
89.9994
-89.9994
-89.9975
87.8236
-0.00840312
0.012313
-0.0333312
0.0666579
0.0346165
0.0157757
-0.0320832
89.9975
89.9975
87.8236
0.0115345
0.0261511
87.8236
87.8236
0.0261511
89.9975
-0.0345778
0.0666579
89.9975
0.0346165
-0.0111102
-0.00967357
89.9987
0.012313
0.0346165
-0.0222206
-89.9975
-0.0261642
-0.0666638
87.8236
-0.0123247
-0.00590818
89.9975
0.0197424
87.8236
87.8236
-0.0666638
89.9975
-89.9975
0.0100276
-0.0345778
-0.0261642
-0.0172937
-0.0149964
-89.9975
0.0108786
-89.9987
-0.0345778
87.8236
0.00305174
0.0666579
0.0666579
-0.0345778
0.0160271
0.0320444
-0.0345778
-0.0108373
89.9975
-0.0172937
-0.0666638
87.8236
0.0320444
-0.00332607
0.0320444
-0.0166654
-0.0666638
-0.015833
87.8236
-0.0333312
-89.9975
0.00415968
0.012313
89.9975
-0.0123247
0.00503508
89.9975
89.9992
-0.0320832
-0.0345778
-0.0666638
-0.0222206
0.00837744
-0.0666638
87.8236
0.00566899
89.9975
0.0143521
-0.0261642
-0.0666638
-89.9975
0.0320444
0.00966825
89.9987
0.00332423
89.9995
0.0108786
87.8236
87.8236
87.8236
-0.0172937
-0.00742353
87.8236
0.012313
0.0666579
-0.0271652
0.0333297
0.0346165
0.00615797
0.0149907
87.8236
-0.0222206
-0.0202495
0.0320444
0.00503508
87.8236
0.0157757
-0.00788585
-0.0261642
87.8236
0.0346165
87.8236
0.0320444
-0.0666638
0.0173034
-0.0109683
87.8236
-0.014339
-89.9975
0.0173034
-89.9975
0.0346165
87.8236
-0.0261642
0.0346165
0.0666579
0.00840616
0.0109712
0.0320444
-0.0108781
-89.9996
89.9975
0.00590401
-0.00759543
87.8236
-89.9987
-0.014339
-0.015833
-0.0172937
0.0143521
89.9975
-0.0666638
87.8236
-89.9975
0.016665
0.0160271
0.0346165
0.0320444
-0.0130805
-89.9975
89.9994
0.0320444
-0.00759543
0.00759252
-0.0345778
0.0320444
87.8236
-0.0666638
-0.0108373
0.0333297
89.9987
0.0271769
89.9992
0.0143521
0.0160271
87.8236
-0.00332607
-0.00590818
89.9975
0.00938335
0.00415968
89.9987
-89.9987
0.0666579
-0.00742353
87.8236
87.8236
0.00503508
0.00305174
0.0346165
-0.00641353
0.0160271
87.8236
-0.00928213
89.9994
-0.0666638
-0.0320832
87.8236
0.00742865
89.9975
0.00615797
87.8236
87.8236
0.0320444
0.00840616
-0.0202495
87.8236
0.0666579
-0.0333312
0.00788129
-89.9975
-0.0123247
0.016665
0.00376511
0.013587
0.000978392
-0.0333312
0.0346165
0.00295252
-0.0345778
0.0271769
-0.0123247
0.0155347
0.00503508
0.0115345
0.0666579
87.8236
0.00952293
-89.9987
89.9975
87.8236
-89.9994
-89.9975
87.8236
0.0155347
89.9975
-0.0666638
0.0666579
0.00840616
-0.0130805
-0.0320832
0.0320444
-0.00451608
-0.0320832
-0.0666638
89.9975
89.9975
87.8236
-0.0320832
0.0127213
87.8236
-0.0666638
0.0173034
0.012313
-0.0333312
0.012313
-0.0345778
-0.0345778
0.012313
89.9992
87.8236
0.0127213
0.012313
0.0333297
-0.0666638
87.8236
0.0666579
-0.0666638
-89.9987
-0.0123247
89.9975
0.0333297
-0.0135841
0.0666579
87.8236
87.8236
0.0666579
0.0108786
0.0333297
-0.0160367
0.0130772
-0.0333312
-0.0345778
-0.0345778
0.0173034
-0.0222206
-0.00590818
0.0173034
87.8236
-89.9995
87.8236
-0.00717112
0.0106858
0.02222
89.9975
0.0261511
87.8236
0.010843
-0.00658193
0.0333297
0.0173034
0.02222
-0.00246218
0.00966825
0.0116688
-89.9975
0.0320444
87.8236
87.8236
-0.0271652
89.9994
-0.0222206
0.0271769
0.0143521
87.8236
0.0666579
87.8236
87.8236
-0.0166654
-0.0666638
-0.0160367
0.0197424
-0.00742353
0.0143521
-0.00619547
87.8236
89.9975
87.8236
-0.00967357
0.010843
0.00840616
0.0333297
-0.00958059
87.8236
87.8236
-0.014339
0.012313
0.0666579
0.0143521
0.0149907
-0.0135841
-0.000978713
87.8236
-89.9975
-89.9975
87.8236
89.9987
-0.0333312
0.0271769
87.8236
89.9995
89.9975
0.00550833
-89.9975
0.012313
-89.9975
0.00865049
89.9987
-0.0261642
-0.0149964
0.0197424
89.9975
87.8236
0.0320444
-0.0130805
-0.0103633
0.0271769
87.8236
0.00410563
87.8236
0.0346165
0.00905766
0.00938335
-89.9975
87.8236
0.0271769
-0.00221204
-0.00221204
87.8236
0.0666579
-0.0666638
87.8236
0.0130772
0.00865049
0.0143521
-0.0149964
-0.0666638
-0.0345778
0.0346165
-0.00616089
-0.0123247
-0.00503309
87.8236
0.0130772
89.9975
89.9975
87.8236
87.8236
87.8236
0.00742865
-89.9975
-0.0271652
0.0197424
87.8236
0.0143521
-0.0333312
-89.9987
87.8236
-0.0333312
-0.00905636
87.8236
89.9975
-0.0345778
-0.00301673
-0.0123247
0.0333297
-0.0130805
0.010843
-89.9975
-0.00295357
-0.0345778
0.0202537
-0.0345778
89.9987
-0.0345778
-0.0103633
-0.0666638
-0.00742353
0.0666579
-0.0113195
89.9975
-89.9975
-0.015833
-0.0666638
-0.0271652
-0.0109683
-0.0261642
89.9975
-89.9987
0.0158349
0.00207623
-0.000534958
-0.0197475
-0.0333312
-0.00314268
-89.9992
0.0143521
-0.014339
0.0346165
0.00451853
0.00759252
0.0346165
0.0666579
0.00647741
87.8236
-0.0320832
0.0346165
0.0155347
0.010843
0.0143521
-89.9975
89.9987
0.0320444
0.0346165
-0.00742353
0.0320444
-0.00681151
87.8236
87.8236
0.00615797
0.010741
-0.0202495
-0.0666638
0.010843
-89.9987
-0.00938303
-0.0197475
0.00371368
0.0271769
0.0197424
0.0320444
0.02222
-0.0345778
-0.0197475
-89.9987
0.00733525
-0.00717112
87.8236
0.016665
-0.0108373
0.0333297
89.9975
0.00717439
-0.0345778
0.0261511
0.0113176
-0.00958059
87.8236
0.00865049
0.0320444
-0.0320832
-89.9992
-0.00410693
0.0197424
0.012313
0.0333297
-0.0666638
0.012313
87.8236
89.9975
0.0333297
0.0173034
-0.014339
87.8236
-0.0130805
87.8236
-89.9975
0.0320444
0.0133321
-0.0115302
89.9992
-89.9992
0.0157757
-0.0666638
-0.0333312
89.9992
89.9975
-89.9975
-0.0106901
0.0346165
87.8236
0.0106858
-0.0666638
-89.9987
0.00759252
-0.0666638
-0.000978713
-0.0271652
0.0333297
-0.0172937
0.00840616
0.0149907
-0.014339
0.013587
0.012313
0.0271769
0.00332423
-0.0261642
-0.00451608
0.0106858
89.9992
87.8236
87.8236
-0.0320832
-0.0127226
-0.00451608
0.0202537
-89.9987
-0.0666638
0.0271769
0.0666579
-89.9975
-89.9975
0.0333297
-0.0197475
0.0333297
-0.0135841
87.8236
0.0109712
-0.0345778
0.0666579
0.0320444
-0.00967357
0.0202537
89.9975
87.8236
0.0143521
0.00451853
0.00410563
0.0346165
89.9975
0.00139057
87.8236
-89.9992
89.9975
0.0346165
0.0271769
0.0271769
-0.0130805
-0.0345778
-0.0666638
-89.9997
0.0320444
-0.014339
-89.9987
-0.00742353
-0.00742353
0.010741
87.8236
87.8236
0.0333297
-89.9992
0.0333297
0.0106858
-0.0222206
-89.9975
0.00590401
0.0666579
87.8236
89.9994
0.0346165
0.0261511
0.0157757
-89.9975
-89.9987
-0.0101253
0.0271769
89.9975
-0.0123247
-0.0333312
-0.0333312
-89.9987
-0.0197475
-0.0666638
-0.0666638
-0.0222206
87.8236
0.0271769
87.8236
-0.0261642
-89.9987
-0.0666638
0.0158349
-0.0271652
89.9994
0.0271769
87.8236
0.0108786
-0.0107418
0.0271769
-89.9975
87.8236
-0.0666638
0.0333297
-89.9995
0.00742865
87.8236
0.0261511
89.9992
-0.00590818
-89.9975
-89.9975
-89.9975
-0.0106901
0.0143521
-0.0666638
0.0666579
0.0666579
-0.0320832
-0.00742353
-0.0127226
-0.0666638
-0.00332607
-89.9987
87.8236
0.0160271
-0.00840312
0.0666579
89.9975
87.8236
87.8236
-0.0271652
0.0143521
-89.9987
87.8236
87.8236
0.0271769
-0.0160367
87.8236
-0.0333312
0.0666579
-0.0666638
-0.0116671
87.8236
-0.00305038
-0.0261642
0.0346165
89.9975
89.9987
0.0666579
-89.9975
-0.0106901
89.9987
-0.0113195
89.9975
87.8236
0.0320444
-0.0261642
-0.0123247
-89.9975
0.0115345
-0.00616089
-0.0133323
-0.0333312
0.0333297
0.0173034
87.8236
0.0666579
-0.0271652
0.00742865
89.9975
0.00890021
87.8236
0.0320444
0.0271769
87.8236
-89.9975
87.8236
87.8236
-0.0197475
89.9975
-0.0172937
-0.0345778
0.0143521
-0.0320832
-89.9975
89.9975
0.016665
0.0143521
-89.9975
0.0271769
89.9975
-0.0666638
0.00451853
0.0160271
0.0346165
89.9975
0.0095785
0.0320444
0.00590401
0.0143521
-0.0333312
-0.0160367
-0.0345778
87.8236
-0.0320832
-0.0333312
0.010843
-0.0320832
-0.0166654
0.0130772
-0.014339
-0.0320832
0.0173034
-0.0320832
0.0116688
0.0160271
-0.0197475
-0.00759543
87.8236
-0.0345778
87.8236
-0.0271652
-89.9987
-0.00451608
89.9975
0.0333297
-0.0108373
-0.0103633
-0.0222206
89.9987
0.0320444
89.9996
0.0666579
0.0320444
-89.9975
87.8236
87.8236
0.0320444
87.8236
-0.00889953
87.8236
-0.0261642
-0.0320832
0.0271769
87.8236
0.00742865
0.0320444
0.00742865
87.8236
0.00615797
0.0320444
-0.0197475
0.0346165
0.0160271
-0.0666638
0.0106858
87.8236
-0.0160367
89.9975
-89.9975
-0.015833
-0.0172937
87.8236
0.02222
89.9975
-0.0020669
-0.00952305
87.8236
0.0143521
-0.0197475
89.9975
89.9975
-0.0320832
87.8236
-0.0123247
-0.0261642
-0.0666638
-0.0333312
0.00749606
-89.9975
-89.9987
89.9975
-89.9975
0.0346165
89.9987
87.8236
0.0333297
0.0666579
87.8236
-0.014339
0.0127213
87.8236
-0.0320832
89.9975
0.0666579
-0.0157704
89.9992
0.0173034
0.00801474
87.8236
0.0143521
0.00451853
-0.0666638
-0.0271652
-0.014339
0.0666579
-0.00332607
-0.0345778
-0.014339
-89.9987
-0.0345778
-0.0666638
-0.00416137
89.9975
89.9992
0.0666579
-0.0345778
-0.0222206
89.9997
-0.0261642
0.0261511
87.8236
87.8236
-0.0345778
87.8236
0.0346165
87.8236
87.8236
-0.0135841
87.8236
0.0197424
0.0261511
-0.00788585
0.010843
-89.9987
89.9975
-0.0333312
0.0113176
0.0346165
0.00451853
0.00928159
89.9975
89.9995
-0.0123247
0.0095785
0.016665
-89.9975
89.9975
-0.00788316
0.0261511
-0.0320832
89.9975
0.00837744
0.0160271
0.0346165
0.0173034
-0.0261642
87.8236
0.0666579
-0.0160367
-0.0115302
87.8236
87.8236
0.0082435
0.0346165
-0.0345778
-0.0666638
0.0666579
-0.0130805
87.8236
-0.0261642
89.9975
0.0666579
-0.0172937
0.0666579
-89.9975
-0.0320832
0.0346165
-0.0166654
-0.0149964
0.0149907
-0.00742353
89.9975
0.0666579
0.0346165
87.8236
-0.0013911
0.00166235
0.0271769
0.0069202
-0.0320832
87.8236
-0.0271652
-0.00840312
-0.0320832
89.9987
87.8236
0.00590401
0.00615797
-0.00410693
-0.00958059
87.8236
87.8236
-0.0129164
0.0143521
89.9975
0.0100276
-0.0345778
89.9975
-0.0261642
0.00733525
-0.0666638
0.0130772
0.0333297
-0.0109683
87.8236
0.0158349
87.8236
0.00590401
-0.0320832
89.9994
87.8236
0.0333297
0.0346165
0.0143521
-89.9992
-0.0261642
-89.9992
-0.0666638
0.0666579
-0.0333312
-0.0345778
0.0271769
0.0173034
0.00218058
0.00590401
0.00332423
-0.0261642
0.0197424
89.9975
-0.0345778
0.0202537
87.8236
-0.0666638
89.9975
-89.9975
0.0261511
-0.0172937
-0.015833
-0.0130805
-89.9975
-0.0345778
0.0202537
-0.0123247
-0.0345778
87.8236
0.00218058
-0.0320832
87.8236
0.00742865
0.0666579
87.8236
-0.0666638
87.8236
-0.00967357
-0.0197475
0.0130772
87.8236
0.0346165
0.0333297
-0.0345778
-0.0172937
-0.0106901
-89.9987
0.0666579
0.00840616
-89.9987
-89.9975
0.00139057
-0.014339
-0.0333312
0.00742865
87.8236
-89.9975
0.00740673
89.9975
-0.00742353
0.0666579
-89.9975
87.8236
0.00218058
-0.0345778
0.0202537
-0.00295357
0.0271769
89.9987
-0.0666638
-0.0666638
-89.9975
0.0666579
0.0320444
0.0143521
0.0666579
-89.9992
0.0271769
87.8236
-0.0123247
-0.0271652
0.00305174
89.9975
-89.9975
87.8236
87.8236
-0.0160367
0.012313
0.0158349
0.0346165
0.00742865
-0.0333312
0.0197424
-0.00801716
0.00139057
-0.0202495
0.0160271
-0.00742353
0.00550833
0.0143521
89.9992
-0.00503309
0.00966825
-0.0222206
-0.0202495
87.8236
-0.0261642
87.8236
0.0197424
-0.0666638
-0.0222206
-89.9987
-0.014339
0.02222
-0.0261642
-0.014339
-0.00905636
87.8236
-0.0197475
-0.00749748
87.8236
-0.0666638
-0.015833
-0.0222206
0.0157757
-0.0103633
0.0346165
-0.0333312
87.8236
-89.9975
-89.9996
0.00833257
0.0666579
0.00305174
-0.00681151
87.8236
0.00207623
0.0333297
0.00503508
0.00615797
0.0333297
89.9975
0.013587
87.8236
0.0160271
-0.0116671
-0.0345778
-89.9975
0.00478257
87.8236
87.8236
87.8236
0.0320444
0.0155347
0.0666579
0.0333297
87.8236
-89.9975
87.8236
-0.0197475
89.9975
87.8236
87.8236
87.8236
0.0158349
-89.9975
-0.0109683
87.8236
0.0333297
-0.00616089
-0.0222206
-0.0157704
0.0320444
0.0143521
0.0333297
87.8236
0.0108786
87.8236
-0.0133323
0.0173034
-0.00840312
0.0320444
-0.0320832
-89.9992
-89.9975
89.9987
0.00615797
-0.0106901
87.8236
-89.9994
-0.015833
-0.0666638
0.0320444
0.00590401
-0.0666638
-0.0320832
-0.0666638
87.8236
87.8236
0.0271769
0.0333297
-0.0320832
0.0149907
0.00590401
87.8236
0.0173034
-0.0666638
89.9975
89.9975
0.0115345
0.02222
-0.0333312
-0.0333312
-89.9975
87.8236
-0.0345778
-0.014339
89.9987
-0.00221204
-0.0333312
89.9987
0.0160271
-0.0666638
-0.0666638
0.0160271
87.8236
-0.0320832
89.9995
-0.00585008
0.00305174
-0.00332607
0.0320444
0.00728541
0.0271769
-0.00590818
-0.0202495
89.9975
0.0173034
87.8236
0.00590401
0.00218058
-0.0345778
-89.9975
87.8236
-0.00332607
0.0320444
89.9975
-0.0666638
-0.00410693
0.0197424
-89.9975
0.0155347
-0.0320832
-0.0345778
0.0106858
-89.9975
0.00865049
0.0346165
89.9975
-0.0666638
-0.0261642
89.9992
87.8236
-0.00801716
87.8236
-89.9992
89.9975
0.0666579
-0.00451608
87.8236
-89.9975
0.02222
89.9975
-0.0271652
-0.0320832
-0.0345778
0.0157757
-0.0320832
-0.0197475
0.00742865
0.0173034
-0.014339
-89.9975
-0.00301673
0.00966825
0.0666579
87.8236
89.9995
-0.00590818
-89.9975
-89.9992
-0.0345778
-0.0666638
0.0320444
0.0160271
89.9975
0.00681338
0.0143521
87.8236
0.00221287
0.00590401
0.0346165
-0.0166654
0.0127213
87.8236
0.02222
-0.0345778
-0.0197475
-0.0109683
-0.0333312
87.8236
0.0271769
87.8236
0.00451853
-0.0320832
87.8236
87.8236
-0.00905636
87.8236
-0.00749748
87.8236
0.00332423
-0.00451608
0.0271769
0.0202537
-89.9975
-0.0123247
0.0666579
-89.9975
-0.00864807
0.0160271
0.0346165
0.02222
0.0155347
0.012313
-0.0320832
0.0320444
0.0333297
89.9987
-89.9975
87.8236
-89.9996
87.8236
-89.9975
0.00615797
-0.0271652
-0.00720157
-89.9975
0.0346165
87.8236
0.00590401
-0.0333312
87.8236
0.02222
89.9975
0.0666579
-89.9987
-0.0157704
0.0320444
0.0202537
0.0666579
0.00742865
-0.0202495
-0.0333312
-0.0666638
0.012313
-0.0108373
-0.00521544
89.9992
0.0271769
-0.0127226
87.8236
-0.014339
0.012313
0.0666579
-0.014339
89.9987
0.0346165
-0.0271652
-0.0222206
87.8236
-89.9987
87.8236
-0.0271652
0.02222
-89.9994
0.0666579
-0.0108781
-0.00742353
-0.0160367
-0.0320832
-89.9975
-0.00870911
-0.0320832
0.00717439
-0.0666638
89.9992
0.0160271
0.0320444
-0.0345778
89.9975
-0.0345778
87.8236
-0.014339
-0.0666638
-0.0130805
0.0109712
-0.0155371
0.012313
87.8236
-0.0123247
-89.9975
-0.0320832
0.0346165
0.0333297
-0.0666638
-0.00616089
-0.0333312
87.8236
0.0666579
0.0666579
0.0666579
0.0346165
-0.0129164
-0.0320832
-0.00717112
0.0271769
-0.0155371
87.8236
0.0320444
89.9992
-0.0320832
0.0346165
0.0333297
0.0106858
0.0346165
-0.0666638
-0.0172937
-0.00801716
-0.0320832
-0.0333312
0.0101263
-0.0320832
0.010843
0.0095785
87.8236
-0.0666638
-89.9975
0.0115345
-89.9975
89.9975
87.8236
87.8236
0.0130772
-0.014339
-0.0115302
0.0333297
-0.0666638
-89.9975
0.00776764
-0.015833
-0.0320832
-89.9975
-0.0320832
0.0143521
87.8236
-0.0666638
87.8236
-0.00759543
0.0149907
0.0666579
0.0158349
-0.0101253
-0.0345778
0.00221287
0.0197424
-0.0111102
87.8236
87.8236
-0.00742353
0.02222
87.8236
-89.9975
0.0346165
0.012313
-0.0345778
-0.0666638
87.8236
0.0109712
-0.0202495
0.0346165
0.0271769
0.00295252
-89.9975
89.9975
-0.0345778
0.0261511
-0.0202495
0.0197424
-0.0271652
-0.00742353
0.0127213
87.8236
-0.0666638
89.9995
0.00451853
0.0320444
-0.0123247
0.0143521
-0.0345778
-0.0129164
-0.0123247
87.8236
0.02222
0.0346165
0.0202537
-89.9994
-0.0172937
87.8236
87.8236
0.0271769
-89.9992
-89.9987
-0.0149964
87.8236
0.0157757
-0.0130805
-0.0333312
0.00305174
87.8236
0.0320444
0.013587
-0.0345778
87.8236
0.0160271
87.8236
0.0173034
0.0261511
0.00521421
87.8236
87.8236
87.8236
87.8236
0.0320444
89.9975
-89.9992
87.8236
0.0261511
-89.9992
-0.0202495
0.00305174
87.8236
-0.0261642
-89.9987
-0.00590818
-89.9975
89.9975
-0.0333312
-0.0123247
-0.0074091
-0.00437449
-89.9994
-0.0271652
-0.0320832
87.8236
-0.0271652
0.0160271
-0.0113195
0.0346165
0.02222
-0.0160367
89.9975
0.0202537
0.0320444
0.0202537
-0.0172937
0.0155347
-0.0666638
-89.9975
0.0666579
0.00221287
87.8236
0.0333297
89.9975
0.0133321
87.8236
0.0143521
-0.0222206
-0.0160367
0.0173034
-0.0333312
-0.00742353
-0.00332607
-0.0172937
0.0271769
87.8236
-0.00451608
-0.0100256
-0.0101253
0.013587
-0.0108373
0.0106858
89.9987
-0.0222206
-0.0202495
0.0666579
-0.0320832
-0.0320832
-0.0320832
87.8236
89.9975
89.9987
87.8236
0.00717439
87.8236
-0.0271652
0.0149907
89.9987
87.8236
-0.0197475
0.00865049
0.0346165
0.02222
89.9975
-0.00305038
0.00332423
-89.9987
0.0333297
0.0261511
-0.0333312
87.8236
89.9987
0.00717439
87.8236
87.8236
-0.0157704
0.00451853
0.0333297
-0.0333312
87.8236
0.0666579
0.0320444
-0.0202495
0.0111101
87.8236
-0.0123247
-89.9987
0.0320444
89.9994
87.8236
-0.0320832
-0.00616089
-0.0130805
0.0143521
89.9975
0.00208005
0.010741
87.8236
-0.0197475
0.0103602
0.0320444
0.0333297
89.9987
-0.0202495
-0.0109683
0.0173034
0.0108786
-0.0666638
87.8236
-0.0133323
87.8236
87.8236
0.0100276
87.8236
87.8236
87.8236
-0.0333312
89.9975
-0.0666638
-0.0129164
0.00295252
0.0346165
-0.0345778
87.8236
0.0106858
0.0109712
0.0333297
-0.0129164
-0.0113195
-0.0345778
0.0197424
0.0155347
0.0346165
-0.0123247
0.00966825
0.00483479
89.9994
-0.0166654
0.013587
-89.9987
-0.00871996
0.00415968
-0.00788316
87.8236
87.8236
0.0333297
87.8236
-0.0320832
89.9975
0.0106858
-0.0123247
89.9992
-0.0320832
0.0202537
-0.0157704
-0.0202495
-0.00590818
89.9975
-0.00590818
0.00285053
-0.0109683
87.8236
0.00759252
0.0271769
-0.0261642
0.0346165
-0.0333312
-0.0123247
89.9987
-89.9992
87.8236
0.0666579
0.00221287
-0.00295357
0.00139057
0.0143521
-0.0320832
0.0115345
0.0666579
0.00503508
-89.9975
0.00305174
-0.0320832
87.8236
87.8236
-0.0666638
-0.0271652
-0.0666638
-0.0333312
-0.0197475
-0.0271652
-0.0271652
-0.0666638
0.0666579
0.0666579
87.8236
89.9975
0.00791373
87.8236
-0.0345778
0.0173034
-0.0106901
-0.0333312
-0.00571256
-0.0666638
-0.0127226
0.02222
-89.9987
0.0143521
-89.9996
87.8236
-0.0345778
0.0157757
0.012313
-0.00410693
-0.0333312
-0.00791674
89.9994
-0.0320832
-0.0345778
0.0271769
-0.0127226
0.0038289
0.00371368
-0.00168761
-0.0113195
0.00788129
89.9975
0.00742865
89.9992
89.9975
-89.9987
89.9975
-0.0666638
89.9975
-0.0108373
0.0116688
-0.0172937
-89.9987
-0.0333312
89.9975
-0.00788585
87.8236
-0.00742353
-0.0261642
87.8236
-0.0333312
0.0333297
0.0160271
-0.0345778
-0.0320832
89.9987
89.9975
-0.0106901
0.012313
0.0130772
89.9975
87.8236
-0.0666638
-89.9987
87.8236
-0.0666638
0.00636082
0.0158349
-89.9975
-89.9995
-0.0666638
-0.014339
87.8236
0.0109712
87.8236
-0.0271652
87.8236
-89.9987
89.9992
-0.00681151
0.00742865
87.8236
-0.00840312
0.0103602
-0.0135841
-0.00590818
-0.0345778
87.8236
0.00332423
-89.9975
87.8236
0.00742865
0.00759252
-0.014339
0.0346165
-0.00451608
0.00788129
87.8236
-0.0333312
-89.9987
87.8236
-0.014339
-0.00788585
-0.0108373
0.0087185
-0.0271652
0.0666579
87.8236
0.0261511
0.0158349
-0.0166654
-0.0666638
87.8236
0.00840616
89.9992
-0.0160367
-0.0130805
-89.9975
-0.0172937
0.00503508
89.9975
-0.0320832
0.0202537
-0.014339
87.8236
-0.0202495
0.0320444
89.9996
87.8236
0.0320444
87.8236
0.00759252
0.012313
-0.0333312
0.0346165
0.012313
-0.0261642
-0.0123247
0.0346165
89.9975
-0.0345778
-0.00833266
0.00717439
89.9975
-0.0197475
0.0320444
-0.0197475
89.9987
-0.00759543
0.0320444
-0.0345778
0.0666579
-0.0271652
0.0149907
87.8236
89.9975
-89.9975
-0.0157704
0.00221287
89.9975
87.8236
87.8236
0.0160271
89.9987
89.9975
0.0202537
0.0666579
0.013587
-0.015833
-0.0103633
89.9992
0.00742865
0.0103602
-0.0320832
0.0320444
0.00196847
0.0173034
-0.0666638
0.0197424
-0.0160367
-0.0345778
0.0173034
-0.0123247
0.0129173
-0.0160367
0.0160271
-0.0160367
-0.0666638
0.012313
87.8236
0.0320444
0.0160271
-0.00451608
89.9975
0.0320444
0.00207623
0.0261511
0.0202537
-0.014339
0.012313
89.9992
0.00305174
-0.0127226
-0.0129164
-0.0261642
-0.0333312
0.0320444
0.00451853
0.0320444
-0.00717112
0.0346165
0.0143521
0.0666579
-89.9975
-0.00221204
89.9975
0.0202537
0.00207623
-0.0261642
89.9975
-0.0320832
-0.00416137
87.8236
0.00206734
-0.0345778
-89.9975
0.02222
-0.0320832
-89.9987
87.8236
0.0157757
-0.0320832
89.9987
-0.015833
89.9994
-0.0108373
0.0157757
0.0666579
0.0333297
-0.00437449
-0.0149964
0.0666579
87.8236
0.0155347
0.0346165
87.8236
87.8236
0.0160271
87.8236
89.9975
89.9996
0.0127213
-0.0113195
0.02222
87.8236
-89.9987
0.000534821
-89.9996
-0.0345778
0.0261511
0.0127213
0.0197424
0.00865049
-0.0333312
89.9975
0.0106858
87.8236
0.0666579
-0.0666638
89.9975
-89.9975
0.00865049
89.9987
-0.00483612
87.8236
0.012313
-0.0320832
-0.0037124
-0.0320832
-89.9994
-0.0197475
-0.0135841
0.0160271
0.00717439
0.0666579
-0.0013911
0.016665
-0.0666638
87.8236
0.0346165
-0.00938303
0.0666579
0.00742865
0.00742865
0.00840616
0.0320444
-0.0222206
0.00966825
-0.0135841
-0.0320832
0.0346165
-89.9975
-0.0123247
0.0261511
0.0346165
-0.000978713
87.8236
-0.00788316
0.00966825
-0.0013911
87.8236
-0.0157704
0.0197424
0.0157757
87.8236
-0.0666638
0.0130772
0.0666579
0.0197424
0.0666579
-0.0202495
-0.0149964
-89.9987
-0.0320832
87.8236
-0.0157704
-0.0172937
0.0666579
0.0346165
-0.0135841
89.9975
-0.0666638
87.8236
87.8236
-89.9975
0.0155347
-0.0320832
-0.014339
89.9975
87.8236
0.0143521
0.000978392
-0.0166654
-0.014339
-0.0666638
-0.0129164
0.00221287
0.0271769
-89.9992
-0.0345778
0.0130772
-0.0172937
0.00550833
0.0197424
0.0197424
-89.9975
87.8236
-89.9987
89.9975
-0.0157704
87.8236
0.00487662
0.00207623
87.8236
-89.9975
-0.014339
-89.9975
-0.0345778
-0.014339
87.8236
-0.00613394
-0.0108373
89.9987
-89.9987
89.9975
-0.0155371
0.013587
87.8236
0.0271769
0.00218058
-0.0666638
-0.0345778
-0.00616089
0.00966825
0.02222
0.0261511
-0.0261642
0.0320444
87.8236
-0.00625335
0.0320444
0.00542078
-0.0333312
-89.9975
-0.0345778
0.0333297
-0.0320832
-89.9994
0.00742865
87.8236
0.0320444
87.8236
-0.0123247
-0.0271652
87.8236
0.00305174
-0.0222206
-0.014339
-0.0160367
0.0346165
0.0202537
-0.00551026
87.8236
0.0271769
-89.9975
0.0346165
0.0197424
0.0271769
0.0320444
87.8236
-89.9975
-0.0666638
0.0333297
87.8236
-0.00967357
0.00615797
0.013587
-0.00717112
-0.0333312
0.00474426
0.0129173
0.0666579
-0.0261642
0.00133754
-0.00551026
-0.00801716
0.010843
0.0143521
-0.0108373
-89.9987
-0.0172937
0.02222
0.00332423
-0.014339
87.8236
-0.0222206
-89.9975
0.0346165
0.0666579
-0.0333312
-0.00679239
-0.0320832
-0.0149964
0.0666579
-0.0155371
0.0158349
-0.0333312
89.9975
87.8236
87.8236
0.012313
-0.0666638
89.9975
0.0109712
-0.0123247
-0.00733427
-89.9975
87.8236
87.8236
-0.00647645
0.0666579
0.0149907
-0.0345778
0.00550833
0.00870824
89.9975
-89.9987
-0.0130805
87.8236
0.00742865
0.0173034
-0.0666638
0.0666579
-0.014339
0.0271769
-0.0666638
0.0197424
-0.0666638
0.0346165
0.0143521
-0.00451608
87.8236
-0.015833
87.8236
-0.0123247
0.010843
87.8236
87.8236
-0.014339
0.010843
0.0666579
87.8236
-0.0149964
89.9992
87.8236
-0.0222206
87.8236
-89.9975
0.0149907
0.0346165
87.8236
87.8236
89.9975
0.0333297
-89.9987
89.9975
0.00728541
89.9992
-0.0013911
0.0173034
-89.9975
-0.0345778
0.00590401
87.8236
-0.00759543
-89.9975
87.8236
-0.014339
87.8236
0.00625544
-0.0666638
0.00196847
0.0271769
0.00584926
89.9987
89.9992
-0.0666638
-89.9994
-0.0109683
-0.0172937
-0.00616089
-89.9975
-0.0135841
0.0115345
0.0133321
87.8236
-0.0130805
0.00733525
87.8236
-89.9987
87.8236
0.0320444
0.00168816
-0.0135841
0.02222
-0.0157704
-89.9975
87.8236
-89.9975
-0.0261642
-0.0320832
0.00503508
-0.00590818
-0.0123247
-0.0111102
-0.0333312
-89.9987
-0.0166654
-0.0101253
0.0333297
0.0320444
0.00817676
0.0320444
0.0173034
-0.014339
87.8236
0.0271769
-0.0123247
-0.0666638
0.0143521
-0.014339
89.9995
89.9975
87.8236
0.0346165
0.00742865
89.9975
0.0261511
-89.9994
-0.0160367
-89.9975
-89.9975
0.0320444
0.00615797
89.9975
87.8236
89.9987
0.00478257
89.9975
0.0173034
89.9975
87.8236
87.8236
-0.0149964
0.0346165
87.8236
0.0160271
-0.0666638
0.0320444
0.0333297
0.0346165
-0.0345778
0.0320444
-89.9987
-0.0013911
-0.0320832
-0.014339
0.00840616
-0.0320832
-0.0320832
87.8236
0.00207623
0.012313
-0.0115302
87.8236
0.0346165
0.0666579
-0.0320832
0.0157757
87.8236
-0.0261642
-0.0271652
0.0173034
0.0666579
0.0320444
87.8236
0.0346165
87.8236
0.0160271
-89.9975
-0.00653983
0.00451853
-0.0108373
-89.9975
0.0116688
-0.0018365
89.9987
-0.000713861
0.0261511
-89.9975
-0.0103633
87.8236
0.0666579
-0.0111102
-0.0345778
-0.00641353
0.00816525
-0.00905636
-0.0320832
87.8236
87.8236
87.8236
0.02222
87.8236
-89.9975
0.0271769
87.8236
0.0666579
-0.0155371
0.00531044
0.0666579
-0.0108373
0.0333297
89.9994
-0.0172937
-89.9975
0.0333297
-0.0261642
-0.0222206
-0.00625335
0.00641198
-89.9987
-0.0666638
-0.00840312
0.012313
89.9975
-0.0123247
-0.0123247
-89.9975
89.9987
0.0666579
-0.0345778
-89.9994
0.0346165
0.0666579
89.9975
0.012313
-0.0037124
-0.0345778
0.00759252
89.9975
0.0160271
-89.9975
-0.0129164
-89.9975
0.0271769
0.0666579
0.0320444
0.00662522
-0.0166654
-0.0666638
89.9975
87.8236
-0.0172937
89.9975
-0.00889953
89.9975
-0.0666638
89.9996
-0.0666638
-0.00987311
0.0202537
0.0333297
-0.0333312
-0.0160367
-0.014339
89.9987
0.0320444
-0.0666638
0.00221287
-0.0320832
-0.0160367
0.02222
0.0333297
87.8236
0.0173034
-0.0666638
-0.0116671
0.00305174
-89.9975
0.0666579
-0.00801716
89.9975
0.0666579
-0.0345778
-89.9975
-0.0157704
-89.9975
0.012313
-0.0271652
0.0346165
0.0173034
0.0346165
-0.0123247
-0.015833
-0.0100256
87.8236
87.8236
-0.0320832
0.0158349
-0.00332607
0.0160271
0.0666579
0.0197424
-0.0123247
-0.0222206
89.9987
0.0116688
0.0261511
-89.9987
0.00410563
87.8236
-0.0172937
-0.0345778
-0.015833
0.0271769
-0.0271652
89.9975
-0.0666638
-89.9975
87.8236
0.0666579
0.0346165
87.8236
87.8236
0.00168816
0.0109712
-0.0261642
-0.0320832
-0.0157704
87.8236
0.0133321
-0.0197475
0.00218058
0.00742865
0.0157757
0.0346165
89.9987
0.0320444
-89.9987
0.0666579
0.0261511
87.8236
-89.9975
-89.9975
0.0666579
87.8236
0.0666579
-0.0345778
-89.9992
0.0333297
-0.0271652
0.0157757
-89.9975
0.0333297
87.8236
-0.0320832
87.8236
87.8236
-89.9994
0.0173034
87.8236
0.0173034
-89.9975
-0.0320832
-89.9987
87.8236
89.9987
-0.0345778
-0.014339
-0.0333312
-0.014339
0.0333297
0.012313
-0.0345778
-0.0666638
89.9975
87.8236
0.00577968
0.0202537
87.8236
-0.0222206
-0.0666638
0.0666579
0.0320444
87.8236
-0.0320832
87.8236
-0.00653983
0.016665
-0.00616089
0.00840616
0.0346165
-0.0345778
0.0320444
0.0173034
-0.00616089
-0.0320832
-0.0333312
-0.00571256
0.00890021
0.00742865
0.0346165
89.9995
-89.9975
0.0346165
0.0143521
0.0333297
0.00207623
89.9975
-0.0666638
-0.0666638
-0.00742353
-0.0222206
0.0109712
0.0143521
0.0157757
0.0271769
87.8236
0.0320444
0.0320444
-0.0345778
-0.0345778
87.8236
0.0666579
87.8236
0.0197424
89.9975
0.0666579
89.9995
-89.9975
-0.0160367
-0.00451608
89.9975
87.8236
0.00759252
-89.9975
0.0666579
-0.0320832
0.00550833
0.0130772
-0.0345778
0.0106858
-0.0106901
0.02222
87.8236
-0.0320832
0.0666579
-0.0135841
-0.00759543
-89.9994
-0.0271652
0.0160271
89.9987
-89.9975
-89.9975
89.9987
87.8236
0.0173034
0.0261511
0.0115345
0.0261511
0.0108786
0.0333297
-89.9975
87.8236
89.9975
0.00221287
-0.0160367
-89.9975
-0.0666638
0.0101263
0.0666579
-89.9987
-0.0160367
-89.9975
0.0320444
87.8236
-0.0108373
0.00615797
-0.0115302
89.9987
0.0346165
0.0173034
0.0333297
-0.0666638
-0.0172937
-89.9975
-0.0108373
0.0173034
87.8236
-89.9975
-0.0320832
0.0130772
-0.00296194
0.00681338
-0.0202495
0.0158349
-0.00478111
0.0346165
-0.0166654
0.0157757
0.0320444
89.9987
-89.9975
-0.0261642
0.0346165
0.0320444
-0.0222206
-0.0202495
87.8236
-0.00742353
-0.0320832
-0.00791477
89.9987
0.0271769
0.00717439
0.0173034
89.9975
0.00615797
-0.0123247
0.0666579
0.0271769
0.00305174
87.8236
89.9994
0.0271769
89.9975
89.9975
0.013587
89.9975
0.0111101
87.8236
87.8236
89.9975
-0.0261642
-0.0202495
-89.9995
-0.00676384
89.9996
0.0271769
0.00801474
0.0666579
0.00295252
89.9975
0.0197424
89.9975
0.0320444
87.8236
0.0106858
0.00759252
-0.0666638
-0.0155371
0.0333297
-0.0115302
89.9975
87.8236
89.9975
87.8236
0.010843
-0.00590818
-89.9975
0.00139057
0.0271769
0.0271769
-0.0666638
-89.9992
-0.0320832
0.00451853
0.00285053
0.00590401
0.0346165
0.00966825
-0.0666638
-0.00938303
-0.0666638
89.9987
0.00801474
0.0173034
89.9975
-0.0108373
-0.0333312
-89.9987
-0.0197475
-0.0108373
0.0333297
0.0143521
87.8236
0.0346165
87.8236
89.9975
87.8236
-89.9987
0.0143521
0.0149907
87.8236
-0.0133323
0.0346165
-0.0160367
0.0173034
87.8236
87.8236
89.9975
-89.9975
-0.0320832
-0.0202495
-0.0345778
0.0202537
87.8236
89.9975
0.016665
0.0666579
0.0101263
0.0320444
-0.0666638
87.8236
-0.0333312
0.0271769
-0.00449729
0.0666579
-89.9994
-0.0320832
-0.00541936
0.0069202
0.00619366
-0.0345778
0.00139057
-0.00616089
87.8236
0.0157757
0.0346165
-0.0666638
0.013587
-0.0172937
89.9987
0.0155347
-89.9975
-0.0320832
-0.0202495
-0.0320832
-0.0123247
-0.00967357
0.02222
87.8236
-0.0197475
87.8236
-0.0271652
89.9987
-89.9975
-0.0123247
-0.0320832
0.0100276
0.0320444
-0.00590818
87.8236
-0.0129164
0.0261511
0.0320444
0.0197424
-89.9975
-89.9975
0.00717439
0.00577968
0.00966825
-0.00449729
0.00742865
-0.0345778
-0.0197475
0.0666579
0.0320444
-0.0320832
87.8236
-0.0160367
87.8236
-0.00634979
-0.0345778
0.0666579
-0.0320832
-0.00837563
0.00590401
-0.00478111
-0.0130805
-0.00332607
0.0155347
89.9975
0.00742865
87.8236
-0.00817587
-0.0666638
-0.0202495
-0.0320832
-0.0271652
-0.0666638
-0.014339
0.0346165
87.8236
-0.00382988
-0.0202495
87.8236
-89.9987
0.0261511
-0.00416137
87.8236
-0.0100256
-0.0149964
-0.0172937
87.8236
-0.00742353
-0.0320832
0.0320444
0.0155347
0.00332423
-0.0133323
-0.00864807
0.0261511
-0.0345778
-0.0222206
-89.9975
0.0143521
0.0320444
0.0035169
-0.00590818
89.9987
0.0666579
0.00625544
-89.9987
-0.0320832
0.0149907
-0.00742353
0.02222
-0.0666638
87.8236
-0.00410693
-0.0666638
0.0155347
-0.0666638
0.0173034
0.00410563
0.0333297
87.8236
0.0666579
0.0133321
87.8236
-89.9995
0.0197424
-0.0666638
0.010843
89.9987
-89.9975
-0.0130805
89.9996
87.8236
-0.00590818
0.0157757
0.016665
0.0261511
-0.0271652
-0.0333312
0.0320444
89.9992
-0.0222206
0.012313
87.8236
-0.0333312
89.9975
87.8236
0.0202537
-0.0115302
-0.00305038
-0.015833
0.0129173
-0.0345778
0.0202537
0.0346165
87.8236
87.8236
87.8236
-0.0666638
0.00437557
-0.00332607
0.0143521
0.0346165
-0.0345778
87.8236
-0.0261642
-0.0160367
-0.0172937
0.0130772
0.00207623
0.0271769
0.0106858
-0.00531135
87.8236
87.8236
-0.0666638
-0.0345778
89.9992
0.00218058
87.8236
-0.0666638
0.00742865
0.00332423
-0.00531135
0.012313
-0.0666638
-89.9992
0.010843
-0.0320832
-0.0666638
-89.9975
0.00905766
87.8236
89.9995
-0.0320832
0.0666579
0.0666579
-0.0108373
0.010843
0.0346165
0.0666579
-0.0271652
-89.9992
-0.0320832
89.9975
-0.014339
0.0333297
-0.0345778
0.00966825
0.0666579
0.00451853
-0.00590818
-0.0320832
0.0346165
-0.0345778
0.0143521
87.8236
87.8236
-89.9975
-0.0345778
-89.9992
0.0346165
89.9987
-0.00451608
-0.00958059
-89.9975
0.0666579
-0.0109683
-0.0320832
-0.0271652
87.8236
89.9975
89.9975
-0.0155371
0.0158349
0.0346165
0.00207623
-0.00625335
-0.0666638
0.00451853
-89.9975
0.0320444
0.0149907
0.0133321
-89.9994
-0.0345778
-0.00742353
-89.9987
-0.00801716
-0.00619547
-89.9975
-89.9975
87.8236
87.8236
87.8236
-0.00503309
-0.0115302
-0.0666638
87.8236
-0.00987311
-0.0320832
0.02222
-89.9987
87.8236
89.9987
-0.0320832
-0.00742353
0.00295252
87.8236
0.0333297
-0.0320832
0.0346165
0.0100276
0.00952293
-0.00416137
87.8236
89.9975
0.016665
89.9992
-0.0123247
0.0143521
89.9975
0.0155347
-0.0345778
-0.00616089
87.8236
-0.014339
89.9975
0.0197424
0.0271769
0.0160271
-0.014339
0.010843
-0.0666638
0.0157757
0.0173034
87.8236
0.0666579
-0.0115302
-0.0115302
-0.0108373
0.0116688
-0.0345778
-0.00742353
0.0666579
-89.9997
-0.0666638
0.0149907
-0.0666638
89.9975
89.9987
-89.9987
89.9992
-0.00590818
0.00415968
89.9975
87.8236
87.8236
87.8236
-0.014339
0.0115345
0.00218058
0.0666579
-0.00375321
0.0666579
87.8236
-0.0106901
-0.0123247
-0.0271652
-0.00759543
-0.00295357
0.00590401
0.0261511
0.0346165
-0.0133323
87.8236
-0.0320832
87.8236
-0.00788316
0.0346165
0.0666579
-0.0666638
0.00451853
-0.0155371
-0.0666638
-0.0345778
-89.9975
-0.0320832
0.0127213
0.00451853
0.00742865
0.00590401
0.00641198
0.00681338
0.0158349
-0.0157704
-0.0261642
-0.0123247
0.0346165
-0.0116671
0.0666579
-0.00958059
87.8236
-89.9995
87.8236
0.010843
-0.00420194
-0.0271652
87.8236
0.00590401
87.8236
0.0333297
-89.9975
87.8236
-0.0261642
-0.0666638
0.00742865
0.0197424
-0.0666638
-0.0345778
-0.0160367
-0.0666638
-0.015833
0.0133321
0.0202537
0.0666579
-0.0345778
-89.9975
-0.00958059
-0.0320832
-89.9975
-0.0666638
-0.00590818
87.8236
-0.0333312
89.9975
-0.00332607
87.8236
-0.0155371
0.0143521
-0.00967357
-0.0320832
0.0261511
-0.0666638
-0.0271652
-0.0261642
87.8236
89.9987
0.0115345
87.8236
-0.0333312
-0.014339
-0.0155371
0.0109712
89.9992
87.8236
0.010843
0.00221287
89.9996
0.00717439
-0.0155371
-0.0666638
0.02222
-89.9992
87.8236
0.0320444
-0.00967357
-0.0320832
-0.015833
87.8236
-0.014339
0.0197424
87.8236
0.0261511
89.9987
0.0320444
-0.0039723
87.8236
-0.0135841
89.9992
0.016665
0.00742865
-89.9994
89.9987
-0.0320832
0.0346165
0.0346165
0.0333297
0.0333297
87.8236
89.9975
0.0143521
87.8236
-0.0222206
-0.00322393
89.9975
0.012313
87.8236
-89.9987
-0.0100256
87.8236
-89.9996
0.0333297
-0.0202495
87.8236
-0.0155371
0.0133321
-0.0108781
-89.9975
87.8236
-0.014339
0.0320444
0.0666579
87.8236
0.0115345
-0.0261642
-0.0108373
89.9975
0.0271769
-89.9975
-0.0666638
0.0173034
-0.0320832
-0.0345778
0.00759252
87.8236
89.9975
-0.0666638
89.9987
-89.9992
-0.00717112
0.0173034
89.9975
0.010843
0.0115345
0.00742865
87.8236
-89.9994
0.00371368
-0.0160367
0.0106858
-0.0123247
0.0320444
89.9987
0.0173034
-0.0103633
0.0333297
89.9975
0.0320444
-0.00616089
0.0666579
0.00590401
-0.0320832
0.0346165
-0.0222206
87.8236
0.00966825
0.0202537
-0.00375321
0.0346165
0.0666579
-0.0666638
-0.0108781
0.0271769
0.0157757
87.8236
0.0271769
0.00791373
-89.9987
-89.9975
0.0666579
-0.0123247
-0.0037124
0.00608025
-0.015833
-0.00221204
89.9987
-0.0271652
0.0113176
0.0157757
-89.9975
89.9987
87.8236
0.02222
0.012313
89.9975
-0.00801716
0.0143521
-0.014339
0.0333297
87.8236
89.9995
-89.9975
0.00742865
0.00307935
0.0143521
-89.9975
-89.9975
-0.0666638
0.00742865
0.0346165
0.0666579
0.00966825
0.0320444
89.9975
87.8236
-0.00717112
-0.0666638
-89.9975
87.8236
87.8236
-89.9975
-0.0320832
0.0666579
89.9992
89.9992
-0.014339
0.0666579
-0.0222206
-89.9975
-0.00967357
-0.00967357
-0.0123247
0.02222
89.9975
-0.0320832
0.010843
87.8236
-89.9995
0.0333297
0.0346165
0.0320444
-0.0155371
0.0261511
-0.0271652
87.8236
-0.0333312
0.0261511
89.9975
-0.0107418
0.00332423
0.00788129
-0.0666638
0.0666579
-0.00576565
-0.0160367
0.00590401
0.0333297
-0.0271652
0.0143521
0.0261511
-89.9975
-0.014339
0.0333297
-89.9992
0.0173034
0.02222
0.0666579
0.0261511
0.00890021
87.8236
-0.00590818
0.00717439
0.00952293
-89.9992
-0.0149964
87.8236
87.8236
87.8236
87.8236
-0.0039723
87.8236
0.0160271
0.010843
87.8236
0.0333297
-0.00416137
-0.0666638
89.9975
-0.00625335
-0.0261642
0.010843
87.8236
89.9975
0.0333297
0.0271769
-89.9987
-0.00332607
-0.0133323
89.9975
0.00749606
-0.0666638
-0.0345778
0.0106858
89.9975
87.8236
87.8236
0.0666579
-89.9975
0.0109712
-0.0108373
89.9987
-0.0345778
89.9987
-0.0333312
89.9996
-89.9992
0.00742865
-0.0320832
0.0346165
-0.0160367
-0.0135841
-89.9975
0.0320444
-0.0013911
-0.00987311
0.00207623
0.0320444
89.9975
87.8236
-0.0123247
-0.00681151
0.0197424
87.8236
87.8236
-89.9975
-0.00967357
87.8236
-0.0320832
0.0157757
0.0111101
0.00246155
-0.0666638
0.013587
-0.00840312
-0.0345778
-89.9975
-89.9975
-89.9992
-0.00251413
0.012313
-89.9995
87.8236
87.8236
-0.0108373
89.9975
87.8236
-0.0202495
87.8236
0.0271769
0.0320444
87.8236
-0.0155371
-0.0666638
-0.0271652
0.0261511
0.00451853
-0.00451608
-0.00531135
-0.00590818
87.8236
87.8236
0.012313
89.9975
0.0173034
0.00681338
0.016665
-0.0333312
89.9975
0.0666579
-0.0202495
0.013587
0.0666579
0.012313
-0.00616089
-0.0271652
87.8236
0.00415968
-0.0333312
0.0333297
87.8236
-0.0261642
0.00742865
-0.0666638
-89.9975
89.9987
89.9987
-0.00967357
-0.014339
0.0160271
-89.9975
-0.0133323
0.0115345
-0.0345778
0.0129173
-89.9996
87.8236
0.0666579
-0.0320832
-0.00987311
-0.014339
87.8236
0.0346165
0.00966825
-0.0666638
0.0666579
-0.0160367
0.0261511
-0.0202495
87.8236
89.9987
-0.0130805
-0.0666638
-0.0172937
0.0103602
89.9975
-0.00967357
87.8236
-0.00221204
0.0346165
0.00332423
0.0173034
0.0261511
-0.0155371
0.0197424
0.012313
-89.9975
89.9975
0.010843
0.0333297
0.0320444
-0.0197475
0.00332423
0.012313
0.00966825
87.8236
-89.9975
-0.0666638
-0.00905636
-0.0666638
0.0143521
0.012313
0.0261511
-0.0666638
0.0133321
-89.9975
0.0261511
-89.9987
-0.0197475
87.8236
0.00491456
89.9975
-0.0106901
89.9975
0.00613408
0.0113176
-0.0320832
-0.0320832
-0.00625335
0.0333297
89.9975
0.0197424
0.00742865
87.8236
0.00590401
0.0346165
89.9975
0.00590401
-0.0222206
-0.0172937
0.00801474
0.00590401
-0.0333312
-0.0666638
87.8236
0.0202537
0.0197424
-89.9975
0.0666579
-0.0345778
-0.0345778
0.0143521
0.00451853
-0.0108373
0.0346165
-0.0666638
-0.0123247
0.0160271
0.0127213
0.00503508
-0.00619547
0.0197424
-0.0261642
-0.0666638
0.00615797
87.8236
87.8236
-0.0345778
87.8236
89.9987
-89.9987
87.8236
-0.0160367
-0.00487595
0.012313
-0.0666638
0.0666579
-0.0123247
-0.00503309
0.0320444
-0.00166281
0.0173034
87.8236
87.8236
-0.0123247
87.8236
0.0666579
89.9975
0.0346165
-0.0345778
87.8236
0.0320444
89.9975
0.0271769
0.0346165
-89.9987
0.0111101
0.00305174
-0.0333312
87.8236
-0.0345778
-0.0320832
-0.0320832
87.8236
0.0173034
-0.0130805
0.0320444
-89.9987
87.8236
89.9992
0.0666579
0.0143521
0.02222
-0.00840312
-0.00541936
0.00332423
87.8236
0.00833257
89.9994
-0.0109683
-89.9994
-0.00958059
0.0261511
-89.9975
-0.0666638
-0.0166654
0.0666579
-89.9987
0.0160271
-89.9996
-0.0123247
0.00437557
87.8236
-89.9975
-89.9975
0.0320444
-0.014339
0.00590401
-0.0333312
87.8236
-0.0160367
0.0143521
-0.00590818
-0.0345778
-0.0197475
-0.0133323
0.0158349
-0.0666638
0.0346165
-0.0333312
-0.0157704
0.00749606
89.9994
87.8236
0.0158349
87.8236
-0.0345778
0.0143521
0.0666579
0.00742865
-89.9975
-89.9975
-0.0333312
0.0261511
87.8236
-0.0666638
87.8236
0.0095785
0.00168816
0.0666579
-0.0666638
-89.9975
-0.0116671
0.0271769
-89.9994
-0.0108373
-0.00410693
87.8236
0.0271769
89.9992
-0.00451608
-0.0013911
-0.0271652
-0.0172937
0.0666579
-0.0333312
0.0261511
0.00865049
0.0346165
89.9975
-0.0202495
-0.0106901
89.9975
-89.9975
87.8236
-89.9975
-0.00590818
-0.0271652
-89.9975
89.9975
0.0173034
-0.0222206
87.8236
-0.015833
-0.00681151
-89.9975
0.0346165
0.0346165
-0.0197475
-0.0666638
89.9995
-0.0127226
87.8236
0.00571382
87.8236
0.00168816
-0.0116671
-0.0108373
-89.9994
87.8236
0.0666579
89.9975
0.0143521
87.8236
89.9975
0.00742865
-0.014339
0.0143521
-0.0333312
87.8236
0.0143521
-0.00451608
-89.9975
0.00133754
0.00305174
87.8236
89.9992
0.0202537
87.8236
0.0173034
87.8236
0.00742865
-89.9975
0.0666579
0.0143521
-0.0271652
0.0197424
0.00717439
89.9975
89.9975
-0.0116671
0.0666579
0.0143521
0.00615797
0.00474426
89.9975
89.9987
-0.0320832
-0.0271652
-0.0202495
-0.0155371
0.0111101
0.00590401
87.8236
87.8236
0.00503508
-0.00801716
-89.9995
0.012313
-0.00616089
0.0082435
-0.0320832
87.8236
0.00749606
0.00590401
-0.00742353
-0.0320832
0.0143521
0.0129173
0.0202537
-89.9975
0.0666579
-0.00451608
0.00837744
89.9975
0.00742865
0.02222
0.0333297
-0.0345778
-89.9994
-0.0666638
-89.9975
0.013587
-0.0130805
0.0143521
87.8236
-0.0115302
0.0666579
-0.0666638
-0.0172937
0.0173034
0.0666579
-0.00416137
-0.0666638
-0.00221204
-89.9992
0.0666579
-0.0123247
-0.0037124
-0.0666638
89.9992
89.9987
-0.0666638
-0.0666638
-0.0666638
-0.0222206
0.0666579
-0.0261642
87.8236
-0.0261642
-0.0345778
89.9975
0.0666579
-0.0197475
-0.0123247
-0.0149964
89.9975
-89.9975
0.0160271
0.0346165
-0.0345778
0.0113176
87.8236
0.0333297
-0.00742353
-0.00742353
0.0320444
-0.0149964
0.0271769
0.0666579
87.8236
87.8236
87.8236
87.8236
0.0666579
0.0143521
87.8236
-89.9975
0.00966825
87.8236
0.0320444
89.9975
0.0666579
0.00615797
-0.0345778
-0.00416137
-0.00332607
0.02222
-0.0666638
0.0346165
-0.0345778
87.8236
0.0666579
87.8236
-89.9975
89.9997
-0.0320832
0.0666579
-0.0333312
0.0666579
-0.00590818
0.010843
0.02222
-0.015833
89.9975
-0.0333312
-0.014339
-0.00207717
0.00451853
-89.9994
-0.0666638
89.9975
-89.9987
-0.0202495
0.0155347
0.00641198
-0.0320832
0.0261511
87.8236
0.0333297
87.8236
89.9975
87.8236
87.8236
-0.00275489
0.010843
0.00987183
89.9975
0.00298427
0.0173034
-0.00616089
89.9975
87.8236
0.0346165
-0.00305038
-89.9994
-89.9987
-0.0333312
0.0346165
-0.014339
87.8236
89.9975
0.02222
87.8236
-0.0108373
-89.9975
-89.9992
0.0320444
-0.0320832
0.0320444
0.0320444
-0.00451608
-89.9975
89.9992
-0.0345778
0.0116688
-0.014339
87.8236
-89.9992
0.0130772
0.00717439
-0.014339
0.0320444
0.00759252
0.0666579
0.0261511
0.0095785
87.8236
-0.0197475
-0.014339
0.0666579
-0.00218125
-0.0108373
0.00619366
0.0149907
0.0202537
89.9975
0.010843
-0.0666638
89.9975
0.0160271
-0.00742353
0.012313
-0.00967357
0.0197424
-89.9995
-0.0160367
0.00332423
0.0130772
-0.00840312
0.00952293
0.0346165
89.9975
89.9975
-0.0345778
0.0666579
0.0666579
0.0333297
0.00133754
0.00952293
-0.00432434
0.00759252
87.8236
0.00483479
0.0666579
87.8236
-0.015833
0.0666579
-0.00864807
0.00742865
87.8236
0.0116688
0.0346165
89.9975
0.0333297
-0.00298364
0.0197424
87.8236
0.0127213
-0.00616089
0.0320444
0.0333297
-0.00801716
0.0666579
-0.0320832
89.9987
0.012313
0.00817676
87.8236
0.0346165
89.9975
-0.014339
-0.0345778
-0.0345778
0.0666579
89.9975
-0.0666638
-0.0666638
-89.9992
-0.0160367
0.012313
-0.0197475
-89.9975
87.8236
-89.9975
-0.0666638
0.0320444
89.9975
87.8236
-0.0271652
-0.00641353
0.0666579
-0.0666638
0.00207623
-89.9987
0.0261511
0.0197424
0.0113176
0.0115345
0.012313
0.00207623
0.00451853
0.00788718
-0.0666638
-0.0666638
0.00676508
-0.0320832
-89.9975
0.0271769
-0.0108781
-89.9987
-89.9975
-0.0197475
-0.0160367
0.0149907
-0.00451608
0.0666579
